2.000000000000000000e+00 1.143736766534495913e-06
3.000000000000000000e+00 1.075650979735161366e-06
4.000000000000000000e+00 1.050825958742443326e-06
5.000000000000000000e+00 1.039039022427425972e-06
6.000000000000000000e+00 1.032628039221649924e-06
7.000000000000000000e+00 1.028871506575205871e-06
8.000000000000000000e+00 1.026595579715693922e-06
9.000000000000000000e+00 1.025224438378764411e-06
1.000000000000000000e+01 1.024448220121714710e-06
1.100000000000000000e+01 1.024087953360633058e-06
1.200000000000000000e+01 1.024034167361766309e-06
1.300000000000000000e+01 1.024216702567764805e-06
1.400000000000000000e+01 1.024588864479118205e-06
1.500000000000000000e+01 1.025118751161446894e-06
1.600000000000000000e+01 1.025784042777477476e-06
1.700000000000000000e+01 1.026568808038012910e-06
1.800000000000000000e+01 1.027461372474285052e-06
1.900000000000000000e+01 1.028453020553000942e-06
2.000000000000000000e+01 1.029537126141503044e-06
2.100000000000000000e+01 1.030708616188862359e-06
2.200000000000000000e+01 1.031963566756662158e-06
2.300000000000000000e+01 1.033298930204650629e-06
2.400000000000000000e+01 1.034712324474950688e-06
2.500000000000000000e+01 1.036201891120317541e-06
2.600000000000000000e+01 1.037766187418734225e-06
2.700000000000000000e+01 1.039404104465082089e-06
2.800000000000000000e+01 1.041114796216448010e-06
2.900000000000000000e+01 1.042897624265092790e-06
3.000000000000000000e+01 1.044752116063519511e-06
3.100000000000000000e+01 1.046677936896385616e-06
3.200000000000000000e+01 1.048674869958081733e-06
3.300000000000000000e+01 1.050742802462063882e-06
3.400000000000000000e+01 1.052881709876260608e-06
3.500000000000000000e+01 1.055091647037224079e-06
3.600000000000000000e+01 1.057372734688170663e-06
3.700000000000000000e+01 1.059725152854698136e-06
3.800000000000000000e+01 1.062149132525563714e-06
3.900000000000000000e+01 1.064644952856696270e-06
4.000000000000000000e+01 1.067212935295416020e-06
4.100000000000000000e+01 1.069853441062012026e-06
4.200000000000000000e+01 1.072566868043556759e-06
4.300000000000000000e+01 1.075353648287144066e-06
4.400000000000000000e+01 1.078214245731166898e-06
4.500000000000000000e+01 1.081149154296635085e-06
4.600000000000000000e+01 1.084158897130953422e-06
4.700000000000000000e+01 1.087244024697329164e-06
4.800000000000000000e+01 1.090405115459076607e-06
4.900000000000000000e+01 1.093642773282791100e-06
5.000000000000000000e+01 1.096957628257987676e-06
5.100000000000000000e+01 1.100350335444829544e-06
5.200000000000000000e+01 1.103821574996190618e-06
5.300000000000000000e+01 1.107372051189321946e-06
5.400000000000000000e+01 1.111002493601083881e-06
5.500000000000000000e+01 1.114713655411088361e-06
5.600000000000000000e+01 1.118506314084911663e-06
5.700000000000000000e+01 1.122381271781962156e-06
5.800000000000000000e+01 1.126339354916322094e-06
5.900000000000000000e+01 1.130381414528918642e-06
6.000000000000000000e+01 1.134508325662352578e-06
6.100000000000000000e+01 1.138720988541413619e-06
6.200000000000000000e+01 1.143020328129933318e-06
6.300000000000000000e+01 1.147407294176291703e-06
6.400000000000000000e+01 1.151882862227429426e-06
6.500000000000000000e+01 1.156448033259727110e-06
6.600000000000000000e+01 1.161103834100876885e-06
6.700000000000000000e+01 1.165851317965046911e-06
6.800000000000000000e+01 1.170691564465791218e-06
6.900000000000000000e+01 1.175625680521945936e-06
7.000000000000000000e+01 1.180654800371054345e-06
7.100000000000000000e+01 1.185780086390799524e-06
7.200000000000000000e+01 1.191002729054141245e-06
7.300000000000000000e+01 1.196323947553090312e-06
7.400000000000000000e+01 1.201744990727809257e-06
7.500000000000000000e+01 1.207267137063341522e-06
7.600000000000000000e+01 1.212891695367642274e-06
7.700000000000000000e+01 1.218620005400583382e-06
7.800000000000000000e+01 1.224453438251484678e-06
7.900000000000000000e+01 1.230393397172880678e-06
8.000000000000000000e+01 1.236441318139591337e-06
8.100000000000000000e+01 1.242598669981072641e-06
8.200000000000000000e+01 1.248866955652592197e-06
8.300000000000000000e+01 1.255247712690520455e-06
8.400000000000000000e+01 1.261742513531848895e-06
8.500000000000000000e+01 1.268352967071753393e-06
8.600000000000000000e+01 1.275080718304211265e-06
8.700000000000000000e+01 1.281927450070793749e-06
8.800000000000000000e+01 1.288894882887315211e-06
8.900000000000000000e+01 1.295984776643936472e-06
9.000000000000000000e+01 1.303198930770517502e-06
9.100000000000000000e+01 1.310539185386386297e-06
9.200000000000000000e+01 1.318007421948620834e-06
9.300000000000000000e+01 1.325605564551068967e-06
9.400000000000000000e+01 1.333335580320732739e-06
9.500000000000000000e+01 1.341199480796616473e-06
9.600000000000000000e+01 1.349199322379865703e-06
9.700000000000000000e+01 1.357337208013725097e-06
9.800000000000000000e+01 1.365615287416879307e-06
9.900000000000000000e+01 1.374035759092159629e-06
1.000000000000000000e+02 1.382600870062323505e-06
1.010000000000000000e+02 1.391312918605651195e-06
1.020000000000000000e+02 1.400174253734025245e-06
1.030000000000000000e+02 1.409187277812068595e-06
1.040000000000000000e+02 1.418354446670810045e-06
1.050000000000000000e+02 1.427678271504131522e-06
1.060000000000000000e+02 1.437161319373050627e-06
1.070000000000000000e+02 1.446806215649522074e-06
1.080000000000000000e+02 1.456615644200388253e-06
1.090000000000000000e+02 1.466592349486547110e-06
1.100000000000000000e+02 1.476739137531908070e-06
1.110000000000000000e+02 1.487058877748352264e-06
1.120000000000000000e+02 1.497554504071133184e-06
1.130000000000000000e+02 1.508229016683083398e-06
1.140000000000000000e+02 1.519085483234705582e-06
1.150000000000000000e+02 1.530127040960782709e-06
1.160000000000000000e+02 1.541356897948479330e-06
1.170000000000000000e+02 1.552778335026686468e-06
1.180000000000000000e+02 1.564394707244611015e-06
1.190000000000000000e+02 1.576209446078555959e-06
1.200000000000000000e+02 1.588226060609731773e-06
1.210000000000000000e+02 1.600448140188303144e-06
1.220000000000000000e+02 1.612879355521327832e-06
1.230000000000000000e+02 1.625523461601207914e-06
1.240000000000000000e+02 1.638384298571067347e-06
1.250000000000000000e+02 1.651465794991390648e-06
1.260000000000000000e+02 1.664771968789986432e-06
1.270000000000000000e+02 1.678306930614550387e-06
1.280000000000000000e+02 1.692074885127904221e-06
1.290000000000000000e+02 1.706080134048608889e-06
1.300000000000000000e+02 1.720327077813521291e-06
1.310000000000000000e+02 1.734820218798441806e-06
1.320000000000000000e+02 1.749564162863953450e-06
1.330000000000000000e+02 1.764563623054172501e-06
1.340000000000000000e+02 1.779823421042178886e-06
1.350000000000000000e+02 1.795348490937341609e-06
1.360000000000000000e+02 1.811143880960659502e-06
1.370000000000000000e+02 1.827214757423808606e-06
1.380000000000000000e+02 1.843566406548527018e-06
1.390000000000000000e+02 1.860204238536688667e-06
1.400000000000000000e+02 1.877133789565933901e-06
1.410000000000000000e+02 1.894360726027946016e-06
1.420000000000000000e+02 1.911890846700946340e-06
1.430000000000000000e+02 1.929730087100609627e-06
1.440000000000000000e+02 1.947884522005479444e-06
1.450000000000000000e+02 1.966360369679679620e-06
1.460000000000000000e+02 1.985163994665161109e-06
1.470000000000000000e+02 2.004301912442881521e-06
1.480000000000000000e+02 2.023780792133473965e-06
1.490000000000000000e+02 2.043607461587793506e-06
1.500000000000000000e+02 2.063788909983784662e-06
1.510000000000000000e+02 2.084332293210552310e-06
1.520000000000000000e+02 2.105244936850011256e-06
1.530000000000000000e+02 2.126534341553621841e-06
1.540000000000000000e+02 2.148208186365286639e-06
1.550000000000000000e+02 2.170274334363716016e-06
1.560000000000000000e+02 2.192740836044101295e-06
1.570000000000000000e+02 2.215615935136957930e-06
1.580000000000000000e+02 2.238908072383030333e-06
1.590000000000000000e+02 2.262625891781027219e-06
1.600000000000000000e+02 2.286778244099057250e-06
1.610000000000000000e+02 2.311374193781964188e-06
1.620000000000000000e+02 2.336423022468793836e-06
1.630000000000000000e+02 2.361934236158947733e-06
1.640000000000000000e+02 2.387917569191632450e-06
1.650000000000000000e+02 2.414382991519518706e-06
1.660000000000000000e+02 2.441340712926704136e-06
1.670000000000000000e+02 2.468801190635407966e-06
1.680000000000000000e+02 2.496775133595390332e-06
1.690000000000000000e+02 2.525273510707341578e-06
1.700000000000000000e+02 2.554307555180784180e-06
1.710000000000000000e+02 2.583888772945297534e-06
1.720000000000000000e+02 2.614028947380557458e-06
1.730000000000000000e+02 2.644740147983671969e-06
1.740000000000000000e+02 2.676034735602168625e-06
1.750000000000000000e+02 2.707925370945194182e-06
1.760000000000000000e+02 2.740425020335188060e-06
1.770000000000000000e+02 2.773546964542494006e-06
1.780000000000000000e+02 2.807304804606580471e-06
1.790000000000000000e+02 2.841712471169922714e-06
1.800000000000000000e+02 2.876784230382489057e-06
1.810000000000000000e+02 2.912534693671011903e-06
1.820000000000000000e+02 2.948978823704662378e-06
1.830000000000000000e+02 2.986131944542693509e-06
1.840000000000000000e+02 3.024009747647109104e-06
1.850000000000000000e+02 3.062628302557969908e-06
1.860000000000000000e+02 3.102004062927062977e-06
1.870000000000000000e+02 3.142153877451507992e-06
1.880000000000000000e+02 3.183094996012184696e-06
1.890000000000000000e+02 3.224845080911043725e-06
1.900000000000000000e+02 3.267422213023247506e-06
1.910000000000000000e+02 3.310844903360406236e-06
1.920000000000000000e+02 3.355132099206406198e-06
1.930000000000000000e+02 3.400303195750208317e-06
1.940000000000000000e+02 3.446378042320929685e-06
1.950000000000000000e+02 3.493376954145559144e-06
1.960000000000000000e+02 3.541320718411119577e-06
1.970000000000000000e+02 3.590230606074964755e-06
1.980000000000000000e+02 3.640128377876293291e-06
1.990000000000000000e+02 3.691036296117806460e-06
2.000000000000000000e+02 3.742977130338376786e-06
2.010000000000000000e+02 3.795974168896979570e-06
2.020000000000000000e+02 3.850051224371356907e-06
2.030000000000000000e+02 3.905232645088990178e-06
2.040000000000000000e+02 3.961543319801588159e-06
2.050000000000000000e+02 4.019008688971369065e-06
2.060000000000000000e+02 4.077654748796624011e-06
2.070000000000000000e+02 4.137508061949219111e-06
2.080000000000000000e+02 4.198595760736798168e-06
2.090000000000000000e+02 4.260945557247668329e-06
2.100000000000000000e+02 4.324585745666935450e-06
2.110000000000000000e+02 4.389545211358044917e-06
2.120000000000000000e+02 4.455853431905103122e-06
2.130000000000000000e+02 4.523540485061229661e-06
2.140000000000000000e+02 4.592637048402147958e-06
2.150000000000000000e+02 4.663174405727250522e-06
2.160000000000000000e+02 4.735184445071809976e-06
2.170000000000000000e+02 4.808699663474828414e-06
2.180000000000000000e+02 4.883753162882276157e-06
2.190000000000000000e+02 4.960378652423955275e-06
2.200000000000000000e+02 5.038610442036622211e-06
2.210000000000000000e+02 5.118483442458737020e-06
2.220000000000000000e+02 5.200033155522576415e-06
2.230000000000000000e+02 5.283295671658489297e-06
2.240000000000000000e+02 5.368307656118148126e-06
2.250000000000000000e+02 5.455106343497113801e-06
2.260000000000000000e+02 5.543729519605346495e-06
2.270000000000000000e+02 5.634215512399922935e-06
2.280000000000000000e+02 5.726603168632759020e-06
2.290000000000000000e+02 5.820931840627221038e-06
2.300000000000000000e+02 5.917241356761807411e-06
2.310000000000000000e+02 6.015572003773930437e-06
2.320000000000000000e+02 6.115964490603974424e-06
2.330000000000000000e+02 6.218459924561010826e-06
2.340000000000000000e+02 6.323099768195233127e-06
2.350000000000000000e+02 6.429925807988956033e-06
2.360000000000000000e+02 6.538980104094083575e-06
2.370000000000000000e+02 6.650304950735047617e-06
2.380000000000000000e+02 6.763942816981122539e-06
2.390000000000000000e+02 6.879936298229251308e-06
2.400000000000000000e+02 6.998328046765533838e-06
2.410000000000000000e+02 7.119160713335845661e-06
2.420000000000000000e+02 7.242476866463460270e-06
2.430000000000000000e+02 7.368318923750968787e-06
2.440000000000000000e+02 7.496729058594100333e-06
2.450000000000000000e+02 7.627749118442189656e-06
2.460000000000000000e+02 7.761420518637556642e-06
2.470000000000000000e+02 7.897784147383982262e-06
2.480000000000000000e+02 8.036880244754347204e-06
2.490000000000000000e+02 8.178748293470244627e-06
2.500000000000000000e+02 8.323426882172268402e-06
2.510000000000000000e+02 8.470953580796941579e-06
2.520000000000000000e+02 8.621364785198108938e-06
2.530000000000000000e+02 8.774695577659562083e-06
2.540000000000000000e+02 8.930979554044392012e-06
2.550000000000000000e+02 9.090248666310667914e-06
2.560000000000000000e+02 9.252533031112777353e-06
2.570000000000000000e+02 9.417860754692660143e-06
2.580000000000000000e+02 9.586257721805149144e-06
2.590000000000000000e+02 9.757747403248320293e-06
2.600000000000000000e+02 9.932350624992733213e-06
2.610000000000000000e+02 1.011008535909740617e-05
2.620000000000000000e+02 1.029096647331153539e-05
2.630000000000000000e+02 1.047500550346819389e-05
2.640000000000000000e+02 1.066221038637055864e-05
2.650000000000000000e+02 1.085258521645912978e-05
2.660000000000000000e+02 1.104612996125468306e-05
2.670000000000000000e+02 1.124284020520747162e-05
2.680000000000000000e+02 1.144270684961510125e-05
2.690000000000000000e+02 1.164571584945575153e-05
2.700000000000000000e+02 1.185184789815846427e-05
2.710000000000000000e+02 1.206107815816109570e-05
2.720000000000000000e+02 1.227337594355144869e-05
2.730000000000000000e+02 1.248870444120150393e-05
2.740000000000000000e+02 1.270702039788435389e-05
2.750000000000000000e+02 1.292827384953554406e-05
2.760000000000000000e+02 1.315240780429078090e-05
2.770000000000000000e+02 1.337935799124035401e-05
2.780000000000000000e+02 1.360905255729729122e-05
2.790000000000000000e+02 1.384141183779305556e-05
2.800000000000000000e+02 1.407634806796007140e-05
2.810000000000000000e+02 1.431376519172831758e-05
2.820000000000000000e+02 1.455355860974600391e-05
2.830000000000000000e+02 1.479561502565872062e-05
2.840000000000000000e+02 1.503981223669199066e-05
2.850000000000000000e+02 1.528601904504718842e-05
2.860000000000000000e+02 1.553409508862656894e-05
2.870000000000000000e+02 1.578389082971719409e-05
2.880000000000000000e+02 1.603524746385590321e-05
2.890000000000000000e+02 1.628799697059600920e-05
2.900000000000000000e+02 1.654196211144981480e-05
2.910000000000000000e+02 1.679695656216835208e-05
2.920000000000000000e+02 1.705278502568269227e-05
2.930000000000000000e+02 1.730924343937520165e-05
2.940000000000000000e+02 1.756611921789272358e-05
2.950000000000000000e+02 1.782319154263513824e-05
2.960000000000000000e+02 1.808023173783270576e-05
2.970000000000000000e+02 1.833700366089588397e-05
2.980000000000000000e+02 1.859326421123102507e-05
2.990000000000000000e+02 1.884876381699189749e-05
3.000000000000000000e+02 1.910324706848337160e-05
3.010000000000000000e+02 1.935645333521162685e-05
3.020000000000000000e+02 1.960811751281920065e-05
3.030000000000000000e+02 1.985797072915551555e-05
3.040000000000000000e+02 2.010574120378359622e-05
3.050000000000000000e+02 2.035115506930784696e-05
3.060000000000000000e+02 2.059393727167456315e-05
3.070000000000000000e+02 2.083381253287586727e-05
3.080000000000000000e+02 2.107050632331254443e-05
3.090000000000000000e+02 2.130374583113504392e-05
3.100000000000000000e+02 2.153326102072632291e-05
3.110000000000000000e+02 2.175878560493372404e-05
3.120000000000000000e+02 2.198005815558506999e-05
3.130000000000000000e+02 2.219682307785094072e-05
3.140000000000000000e+02 2.240883172020662558e-05
3.150000000000000000e+02 2.261584328224417381e-05
3.160000000000000000e+02 2.281762587489942820e-05
3.170000000000000000e+02 2.301395743067055380e-05
3.180000000000000000e+02 2.320462664395799333e-05
3.190000000000000000e+02 2.338943383649656245e-05
3.200000000000000000e+02 2.356819176604721015e-05
3.210000000000000000e+02 2.374072634629823187e-05
3.220000000000000000e+02 2.390687732770886852e-05
3.230000000000000000e+02 2.406649893717302316e-05
3.240000000000000000e+02 2.421946035287416099e-05
3.250000000000000000e+02 2.436564620826426838e-05
3.260000000000000000e+02 2.450495687188553731e-05
3.270000000000000000e+02 2.463730879662599687e-05
3.280000000000000000e+02 2.476263462326169147e-05
3.290000000000000000e+02 2.488088334208782293e-05
3.300000000000000000e+02 2.499202026503637063e-05
3.310000000000000000e+02 2.509602694390647513e-05
3.320000000000000000e+02 2.519290097414437354e-05
3.330000000000000000e+02 2.528265579252216355e-05
3.340000000000000000e+02 2.536532029075093427e-05
3.350000000000000000e+02 2.544093847220981220e-05
3.360000000000000000e+02 2.550956896065120544e-05
3.370000000000000000e+02 2.557128444361712774e-05
3.380000000000000000e+02 2.562617108293619702e-05
3.390000000000000000e+02 2.567432790801387439e-05
3.400000000000000000e+02 2.571586611416245947e-05
3.410000000000000000e+02 2.575090834531487466e-05
3.420000000000000000e+02 2.577958789341288756e-05
3.430000000000000000e+02 2.580204796314660538e-05
3.440000000000000000e+02 2.581844083553554506e-05
3.450000000000000000e+02 2.582892709346821871e-05
3.460000000000000000e+02 2.583367482243992692e-05
3.470000000000000000e+02 2.583285872694105956e-05
3.480000000000000000e+02 2.582665937074382981e-05
3.490000000000000000e+02 2.581526241024873525e-05
3.500000000000000000e+02 2.579885771798814213e-05
3.510000000000000000e+02 2.577763873129505239e-05
3.520000000000000000e+02 2.575180161677824076e-05
3.530000000000000000e+02 2.572154467342297170e-05
3.540000000000000000e+02 2.568706754045451500e-05
3.550000000000000000e+02 2.564857060598583067e-05
3.560000000000000000e+02 2.560625437402308825e-05
3.570000000000000000e+02 2.556031889608623370e-05
3.580000000000000000e+02 2.551096323519758561e-05
3.590000000000000000e+02 2.545838491452034438e-05
3.600000000000000000e+02 2.540277954968813925e-05
3.610000000000000000e+02 2.534434029758869523e-05
3.620000000000000000e+02 2.528325753747003664e-05
3.630000000000000000e+02 2.521971849329869111e-05
3.640000000000000000e+02 2.515390687073981339e-05
3.650000000000000000e+02 2.508600266595130510e-05
3.660000000000000000e+02 2.501618185669088213e-05
3.670000000000000000e+02 2.494461618700312847e-05
3.680000000000000000e+02 2.487147304538186380e-05
3.690000000000000000e+02 2.479691515787743164e-05
3.700000000000000000e+02 2.472110067475215430e-05
3.710000000000000000e+02 2.464418285445900815e-05
3.720000000000000000e+02 2.456631017652328533e-05
3.730000000000000000e+02 2.448762616811781215e-05
3.740000000000000000e+02 2.440826943948940075e-05
3.750000000000000000e+02 2.432837362350331249e-05
3.760000000000000000e+02 2.424806742876072112e-05
3.770000000000000000e+02 2.416747462191375247e-05
3.780000000000000000e+02 2.408671410434252535e-05
3.790000000000000000e+02 2.400589993701213637e-05
3.800000000000000000e+02 2.392514144768863690e-05
3.810000000000000000e+02 2.384454327001210387e-05
3.820000000000000000e+02 2.376420544475295733e-05
3.830000000000000000e+02 2.368422349713416596e-05
3.840000000000000000e+02 2.360468856721969753e-05
3.850000000000000000e+02 2.352568751290438082e-05
3.860000000000000000e+02 2.344730302805365311e-05
3.870000000000000000e+02 2.336961375350999945e-05
3.880000000000000000e+02 2.329269440784833772e-05
3.890000000000000000e+02 2.321661589859539519e-05
3.900000000000000000e+02 2.314144545415801059e-05
3.910000000000000000e+02 2.306724675761531531e-05
3.920000000000000000e+02 2.299408008147449584e-05
3.930000000000000000e+02 2.292200240954064063e-05
3.940000000000000000e+02 2.285106753226335950e-05
3.950000000000000000e+02 2.278132623161244110e-05
3.960000000000000000e+02 2.271282632007216658e-05
3.970000000000000000e+02 2.264561288509092530e-05
3.980000000000000000e+02 2.257972827637106530e-05
3.990000000000000000e+02 2.251521233823732221e-05
4.000000000000000000e+02 2.245210244877308202e-05
4.010000000000000000e+02 2.239043366635345574e-05
4.020000000000000000e+02 2.233023882846066471e-05
4.030000000000000000e+02 2.227154867378056710e-05
4.040000000000000000e+02 2.221439192148120460e-05
4.050000000000000000e+02 2.215879541334770587e-05
4.060000000000000000e+02 2.210478419375210707e-05
4.070000000000000000e+02 2.205238156804222632e-05
4.080000000000000000e+02 2.200160928534558021e-05
4.090000000000000000e+02 2.195248751031977791e-05
4.100000000000000000e+02 2.190503501320657204e-05
4.110000000000000000e+02 2.185926918404638617e-05
4.120000000000000000e+02 2.181520615932115842e-05
4.130000000000000000e+02 2.177286087990244035e-05
4.140000000000000000e+02 2.173224714749223804e-05
4.150000000000000000e+02 2.169337772050422111e-05
4.160000000000000000e+02 2.165626436756910332e-05
4.170000000000000000e+02 2.162091792381524196e-05
4.180000000000000000e+02 2.158734837330317512e-05
4.190000000000000000e+02 2.155556489558444104e-05
4.200000000000000000e+02 2.152557591782122299e-05
4.210000000000000000e+02 2.149738918040903764e-05
4.220000000000000000e+02 2.147101173746104134e-05
4.230000000000000000e+02 2.144645009986784616e-05
4.240000000000000000e+02 2.142371016773570878e-05
4.250000000000000000e+02 2.140279737901130557e-05
4.260000000000000000e+02 2.138371669326580510e-05
4.270000000000000000e+02 2.136647262579035672e-05
4.280000000000000000e+02 2.135106931258828818e-05
4.290000000000000000e+02 2.133751051940476824e-05
4.300000000000000000e+02 2.132579969167483863e-05
4.310000000000000000e+02 2.131594000666107701e-05
4.320000000000000000e+02 2.130793437749779981e-05
4.330000000000000000e+02 2.130178547727278152e-05
4.340000000000000000e+02 2.129749578103848289e-05
4.350000000000000000e+02 2.129506757559646054e-05
4.360000000000000000e+02 2.129450300490356085e-05
4.370000000000000000e+02 2.129580406092380145e-05
4.380000000000000000e+02 2.129897263171920556e-05
4.390000000000000000e+02 2.130401050084774112e-05
4.400000000000000000e+02 2.131091938016785648e-05
4.410000000000000000e+02 2.131970091767037748e-05
4.420000000000000000e+02 2.133035669450331098e-05
4.430000000000000000e+02 2.134288826199490956e-05
4.440000000000000000e+02 2.135729713955188130e-05
4.450000000000000000e+02 2.137358484488820668e-05
4.460000000000000000e+02 2.139175289807003261e-05
4.470000000000000000e+02 2.141180280934130859e-05
4.480000000000000000e+02 2.143373610974426147e-05
4.490000000000000000e+02 2.145755434181849264e-05
4.500000000000000000e+02 2.148325909129600216e-05
4.510000000000000000e+02 2.151085195671494573e-05
4.520000000000000000e+02 2.154033460775378066e-05
4.530000000000000000e+02 2.157170873408879890e-05
4.540000000000000000e+02 2.160497609420457680e-05
4.550000000000000000e+02 2.164013847127634199e-05
4.560000000000000000e+02 2.167719771268643541e-05
4.570000000000000000e+02 2.171615571921170880e-05
4.580000000000000000e+02 2.175701444653230040e-05
4.590000000000000000e+02 2.179977590195249934e-05
4.600000000000000000e+02 2.184444212887741004e-05
4.610000000000000000e+02 2.189101523781191181e-05
4.620000000000000000e+02 2.193949738145688734e-05
4.630000000000000000e+02 2.198989075118965846e-05
4.640000000000000000e+02 2.204219757578467168e-05
4.650000000000000000e+02 2.209642011229550015e-05
4.660000000000000000e+02 2.215256064165495821e-05
4.670000000000000000e+02 2.221062147304345350e-05
4.680000000000000000e+02 2.227060493114946580e-05
4.690000000000000000e+02 2.233251333857086881e-05
4.700000000000000000e+02 2.239634902984358812e-05
4.710000000000000000e+02 2.246211431605394700e-05
4.720000000000000000e+02 2.252981149687892801e-05
4.730000000000000000e+02 2.259944284563521148e-05
4.740000000000000000e+02 2.267101061297755843e-05
4.750000000000000000e+02 2.274451699029104952e-05
4.760000000000000000e+02 2.281996411682481348e-05
4.770000000000000000e+02 2.289735406154738196e-05
4.780000000000000000e+02 2.297668880301242841e-05
4.790000000000000000e+02 2.305797022825480628e-05
4.800000000000000000e+02 2.314120012147745506e-05
4.810000000000000000e+02 2.322638014599819737e-05
4.820000000000000000e+02 2.331351181388844951e-05
4.830000000000000000e+02 2.340259649977105609e-05
4.840000000000000000e+02 2.349363537322088770e-05
4.850000000000000000e+02 2.358662945851902745e-05
4.860000000000000000e+02 2.368157953388276224e-05
4.870000000000000000e+02 2.377848619642609120e-05
4.880000000000000000e+02 2.387734975190665795e-05
4.890000000000000000e+02 2.397817028417324663e-05
4.900000000000000000e+02 2.408094756427398326e-05
4.910000000000000000e+02 2.418568110072024990e-05
4.920000000000000000e+02 2.429237002895560715e-05
4.930000000000000000e+02 2.440101318711339432e-05
4.940000000000000000e+02 2.451160900309579924e-05
4.950000000000000000e+02 2.462415554476238318e-05
4.960000000000000000e+02 2.473865045624977800e-05
4.970000000000000000e+02 2.485509095204389203e-05
4.980000000000000000e+02 2.497347376013965916e-05
4.990000000000000000e+02 2.509379513819493969e-05
5.000000000000000000e+02 2.521605081895689224e-05
5.010000000000000000e+02 2.534023601628482188e-05
5.020000000000000000e+02 2.546634535297116880e-05
5.030000000000000000e+02 2.559437288439236557e-05
5.040000000000000000e+02 2.572431200682410383e-05
5.050000000000000000e+02 2.585615550724670888e-05
5.060000000000000000e+02 2.598989544119346132e-05
5.070000000000000000e+02 2.612552321707427869e-05
5.080000000000000000e+02 2.626302944967392688e-05
5.090000000000000000e+02 2.640240404408189929e-05
5.100000000000000000e+02 2.654363604489546645e-05
5.110000000000000000e+02 2.668671372467011914e-05
5.120000000000000000e+02 2.683162445873687747e-05
5.130000000000000000e+02 2.697835476508541653e-05
5.140000000000000000e+02 2.712689020889920118e-05
5.150000000000000000e+02 2.727721543625686698e-05
5.160000000000000000e+02 2.742931407619061707e-05
5.170000000000000000e+02 2.758316878860291667e-05
5.180000000000000000e+02 2.773876114854013212e-05
5.190000000000000000e+02 2.789607169644221161e-05
5.200000000000000000e+02 2.805507983051167906e-05
5.210000000000000000e+02 2.821576385978797315e-05
5.220000000000000000e+02 2.837810088478880585e-05
5.230000000000000000e+02 2.854206685757716509e-05
5.240000000000000000e+02 2.870763647144221564e-05
5.250000000000000000e+02 2.887478322482245650e-05
5.260000000000000000e+02 2.904347930463482339e-05
5.270000000000000000e+02 2.921369563551737606e-05
5.280000000000000000e+02 2.938540178101701298e-05
5.290000000000000000e+02 2.955856600818456990e-05
5.300000000000000000e+02 2.973315517112573304e-05
5.310000000000000000e+02 2.990913479194308412e-05
5.320000000000000000e+02 3.008646894774293510e-05
5.330000000000000000e+02 3.026512033382010333e-05
5.340000000000000000e+02 3.044505017735221335e-05
5.350000000000000000e+02 3.062621828743663691e-05
5.360000000000000000e+02 3.080858298638823671e-05
5.370000000000000000e+02 3.099210115361087547e-05
5.380000000000000000e+02 3.117672818358597429e-05
5.390000000000000000e+02 3.136241800563116213e-05
5.400000000000000000e+02 3.154912304528169234e-05
5.410000000000000000e+02 3.173679429331990095e-05
5.420000000000000000e+02 3.192538121721079017e-05
5.430000000000000000e+02 3.211483186259859156e-05
5.440000000000000000e+02 3.230509277737066208e-05
5.450000000000000000e+02 3.249610909515773458e-05
5.460000000000000000e+02 3.268782449056035247e-05
5.470000000000000000e+02 3.288018125933783801e-05
5.480000000000000000e+02 3.307312027467138694e-05
5.490000000000000000e+02 3.326658106856362975e-05
5.500000000000000000e+02 3.346050181380050943e-05
5.510000000000000000e+02 3.365481940921320460e-05
5.520000000000000000e+02 3.384946945453117819e-05
5.530000000000000000e+02 3.404438635231477284e-05
5.540000000000000000e+02 3.423950327368853366e-05
5.550000000000000000e+02 3.443475229846984639e-05
5.560000000000000000e+02 3.463006438012273912e-05
5.570000000000000000e+02 3.482536945634987169e-05
5.580000000000000000e+02 3.502059646819218676e-05
5.590000000000000000e+02 3.521567344663600934e-05
5.600000000000000000e+02 3.541052755871557285e-05
5.610000000000000000e+02 3.560508519010949902e-05
5.620000000000000000e+02 3.579927201953280813e-05
5.630000000000000000e+02 3.599301305191490144e-05
5.640000000000000000e+02 3.618623275958460521e-05
5.650000000000000000e+02 3.637885509820763775e-05
5.660000000000000000e+02 3.657080364815599495e-05
5.670000000000000000e+02 3.676200166797096905e-05
5.680000000000000000e+02 3.695237218007662168e-05
5.690000000000000000e+02 3.714183809066824439e-05
5.700000000000000000e+02 3.733032223134787021e-05
5.710000000000000000e+02 3.751774751931587643e-05
5.720000000000000000e+02 3.770403700846743404e-05
5.730000000000000000e+02 3.788911402168188296e-05
5.740000000000000000e+02 3.807290221800063056e-05
5.750000000000000000e+02 3.825532574307183113e-05
5.760000000000000000e+02 3.843630925122010715e-05
5.770000000000000000e+02 3.861577811338403053e-05
5.780000000000000000e+02 3.879365841332422040e-05
5.790000000000000000e+02 3.896987714496207727e-05
5.800000000000000000e+02 3.914436226177060621e-05
5.810000000000000000e+02 3.931704281769150713e-05
5.820000000000000000e+02 3.948784902011531029e-05
5.830000000000000000e+02 3.965671241025497560e-05
5.840000000000000000e+02 3.982356583472469822e-05
5.850000000000000000e+02 3.998834372031118958e-05
5.860000000000000000e+02 4.015098200417381217e-05
5.870000000000000000e+02 4.031141837221630017e-05
5.880000000000000000e+02 4.046959221809700555e-05
5.890000000000000000e+02 4.062544482909190790e-05
5.900000000000000000e+02 4.077891944243732837e-05
5.910000000000000000e+02 4.092996134741681385e-05
5.920000000000000000e+02 4.107851789856434093e-05
5.930000000000000000e+02 4.122453874268019108e-05
5.940000000000000000e+02 4.136797569628271852e-05
5.950000000000000000e+02 4.150878300630513528e-05
5.960000000000000000e+02 4.164691720699688419e-05
5.970000000000000000e+02 4.178233739683754732e-05
5.980000000000000000e+02 4.191500508064298608e-05
5.990000000000000000e+02 4.204488445560605677e-05
6.000000000000000000e+02 4.217194224630147040e-05
6.010000000000000000e+02 4.229614789302424611e-05
6.020000000000000000e+02 4.241747343636923418e-05
6.030000000000000000e+02 4.253589369388035895e-05
6.040000000000000000e+02 4.265138618567590158e-05
6.050000000000000000e+02 4.276393122412820139e-05
6.060000000000000000e+02 4.287351183783055651e-05
6.070000000000000000e+02 4.298011388709447597e-05
6.080000000000000000e+02 4.308372595534281025e-05
6.090000000000000000e+02 4.318433944374375515e-05
6.100000000000000000e+02 4.328194845519413135e-05
6.110000000000000000e+02 4.337654994667570211e-05
6.120000000000000000e+02 4.346814342856110614e-05
6.130000000000000000e+02 4.355673127969013759e-05
6.140000000000000000e+02 4.364231849718578504e-05
6.150000000000000000e+02 4.372491271476673820e-05
6.160000000000000000e+02 4.380452421766299441e-05
6.170000000000000000e+02 4.388116579382895810e-05
6.180000000000000000e+02 4.395485274712469651e-05
6.190000000000000000e+02 4.402560286822541300e-05
6.200000000000000000e+02 4.409343639068259550e-05
6.210000000000000000e+02 4.415837587679889004e-05
6.220000000000000000e+02 4.422044617414496646e-05
6.230000000000000000e+02 4.427967436547629662e-05
6.240000000000000000e+02 4.433608973312529194e-05
6.250000000000000000e+02 4.438972356829397667e-05
6.260000000000000000e+02 4.444060924106290082e-05
6.270000000000000000e+02 4.448878204187018445e-05
6.280000000000000000e+02 4.453427914442584029e-05
6.290000000000000000e+02 4.457713950208718595e-05
6.300000000000000000e+02 4.461740372891174870e-05
6.310000000000000000e+02 4.465511411873959632e-05
6.320000000000000000e+02 4.469031444470108577e-05
6.330000000000000000e+02 4.472305003996933874e-05
6.340000000000000000e+02 4.475336751333737256e-05
6.350000000000000000e+02 4.478131487971829795e-05
6.360000000000000000e+02 4.480694119763297821e-05
6.370000000000000000e+02 4.483029691465569971e-05
6.380000000000000000e+02 4.485143324054406791e-05
6.390000000000000000e+02 4.487040255354809483e-05
6.400000000000000000e+02 4.488725794850556517e-05
6.410000000000000000e+02 4.490205349349722750e-05
6.420000000000000000e+02 4.491484384258829767e-05
6.430000000000000000e+02 4.492568441515850687e-05
6.440000000000000000e+02 4.493463106492065712e-05
6.450000000000000000e+02 4.494174019650979361e-05
6.460000000000000000e+02 4.494706858633913812e-05
6.470000000000000000e+02 4.495067344892796611e-05
6.480000000000000000e+02 4.495261214151971020e-05
6.490000000000000000e+02 4.495294230078176827e-05
6.500000000000000000e+02 4.495172165762488368e-05
6.510000000000000000e+02 4.494900804291436318e-05
6.520000000000000000e+02 4.494485924613923479e-05
6.530000000000000000e+02 4.493933313303440053e-05
6.540000000000000000e+02 4.493248734742559471e-05
6.550000000000000000e+02 4.492437946796608159e-05
6.560000000000000000e+02 4.491506677440237921e-05
6.570000000000000000e+02 4.490460630664917633e-05
6.580000000000000000e+02 4.489305485074789113e-05
6.590000000000000000e+02 4.488046876382933195e-05
6.600000000000000000e+02 4.486690411711595229e-05
6.610000000000000000e+02 4.485241633683133337e-05
6.620000000000000000e+02 4.483706060741829246e-05
6.630000000000000000e+02 4.482089138984437132e-05
6.640000000000000000e+02 4.480396277453418708e-05
6.650000000000000000e+02 4.478632814775336280e-05
6.660000000000000000e+02 4.476804030791460120e-05
6.670000000000000000e+02 4.474915132926570241e-05
6.680000000000000000e+02 4.472971266900602135e-05
6.690000000000000000e+02 4.470977510918347020e-05
6.700000000000000000e+02 4.468938867907113843e-05
6.710000000000000000e+02 4.466860270734139847e-05
6.720000000000000000e+02 4.464746568567479028e-05
6.730000000000000000e+02 4.462602529512665271e-05
6.740000000000000000e+02 4.460432853030654455e-05
6.750000000000000000e+02 4.458242149592173023e-05
6.760000000000000000e+02 4.456034950887437061e-05
6.770000000000000000e+02 4.453815700166553336e-05
6.780000000000000000e+02 4.451588758672908678e-05
6.790000000000000000e+02 4.449358400763861080e-05
6.800000000000000000e+02 4.447128816349501379e-05
6.810000000000000000e+02 4.444904105977156395e-05
6.820000000000000000e+02 4.442688277031289458e-05
6.830000000000000000e+02 4.440485254528529421e-05
6.840000000000000000e+02 4.438298873202579416e-05
6.850000000000000000e+02 4.436132875891140860e-05
6.860000000000000000e+02 4.433990922005807218e-05
6.870000000000000000e+02 4.431876581030689719e-05
6.880000000000000000e+02 4.429793329669319687e-05
6.890000000000000000e+02 4.427744563465019006e-05
6.900000000000000000e+02 4.425733588875205380e-05
6.910000000000000000e+02 4.423763622076227488e-05
6.920000000000000000e+02 4.421837796836866234e-05
6.930000000000000000e+02 4.419959153289955542e-05
6.940000000000000000e+02 4.418130654644530789e-05
6.950000000000000000e+02 4.416355168778169781e-05
6.960000000000000000e+02 4.414635483169995230e-05
6.970000000000000000e+02 4.412974302670315713e-05
6.980000000000000000e+02 4.411374251218610419e-05
6.990000000000000000e+02 4.409837863064109222e-05
7.000000000000000000e+02 4.408367592136453128e-05
7.010000000000000000e+02 4.406965806831930686e-05
7.020000000000000000e+02 4.405634803279986515e-05
7.030000000000000000e+02 4.404376795145548384e-05
7.040000000000000000e+02 4.403193915110709421e-05
7.050000000000000000e+02 4.402088216208271032e-05
7.060000000000000000e+02 4.401061674457379435e-05
7.070000000000000000e+02 4.400116194481509623e-05
7.080000000000000000e+02 4.399253605279481263e-05
7.090000000000000000e+02 4.398475650574822690e-05
7.100000000000000000e+02 4.397784014048502935e-05
7.110000000000000000e+02 4.397180302186299737e-05
7.120000000000000000e+02 4.396666049158510272e-05
7.130000000000000000e+02 4.396242713448545217e-05
7.140000000000000000e+02 4.395911690058508178e-05
7.150000000000000000e+02 4.395674295658446885e-05
7.160000000000000000e+02 4.395531789207704363e-05
7.170000000000000000e+02 4.395485350051998782e-05
7.180000000000000000e+02 4.395536102299530735e-05
7.190000000000000000e+02 4.395685089907262115e-05
7.200000000000000000e+02 4.395933306054882345e-05
7.210000000000000000e+02 4.396281664263652016e-05
7.220000000000000000e+02 4.396731029498846910e-05
7.230000000000000000e+02 4.397282187390843291e-05
7.240000000000000000e+02 4.397935878228333595e-05
7.250000000000000000e+02 4.398692764443379067e-05
7.260000000000000000e+02 4.399553472481803495e-05
7.270000000000000000e+02 4.400518544750853521e-05
7.280000000000000000e+02 4.401588480121519642e-05
7.290000000000000000e+02 4.402763715320778869e-05
7.300000000000000000e+02 4.404044630340312767e-05
7.310000000000000000e+02 4.405431548445741476e-05
7.320000000000000000e+02 4.406924742056695250e-05
7.330000000000000000e+02 4.408524430509086912e-05
7.340000000000000000e+02 4.410230764415551754e-05
7.350000000000000000e+02 4.412043857010528557e-05
7.360000000000000000e+02 4.413963764764591250e-05
7.370000000000000000e+02 4.415990487369448979e-05
7.380000000000000000e+02 4.418123977013074105e-05
7.390000000000000000e+02 4.420364133294507381e-05
7.400000000000000000e+02 4.422710812842700401e-05
7.410000000000000000e+02 4.425163816189669260e-05
7.420000000000000000e+02 4.427722904921280688e-05
7.430000000000000000e+02 4.430387776924592545e-05
7.440000000000000000e+02 4.433158105911197866e-05
7.450000000000000000e+02 4.436033498422563618e-05
7.460000000000000000e+02 4.439013528634544703e-05
7.470000000000000000e+02 4.442097718481134472e-05
7.480000000000000000e+02 4.445285555012229119e-05
7.490000000000000000e+02 4.448576473679501938e-05
7.500000000000000000e+02 4.451969869672735855e-05
7.510000000000000000e+02 4.455465094885575911e-05
7.520000000000000000e+02 4.459061463632020447e-05
7.530000000000000000e+02 4.462758245421707119e-05
7.540000000000000000e+02 4.466554678523073361e-05
7.550000000000000000e+02 4.470449946525291342e-05
7.560000000000000000e+02 4.474443206104245147e-05
7.570000000000000000e+02 4.478533572447309589e-05
7.580000000000000000e+02 4.482720126055919245e-05
7.590000000000000000e+02 4.487001910935856813e-05
7.600000000000000000e+02 4.491377933219039030e-05
7.610000000000000000e+02 4.495847161490601490e-05
7.620000000000000000e+02 4.500408535604765386e-05
7.630000000000000000e+02 4.505060958748785245e-05
7.640000000000000000e+02 4.509803304685710147e-05
7.650000000000000000e+02 4.514634406010761152e-05
7.660000000000000000e+02 4.519553076005580267e-05
7.670000000000000000e+02 4.524558081048448988e-05
7.680000000000000000e+02 4.529648175252984430e-05
7.690000000000000000e+02 4.534822067512394667e-05
7.700000000000000000e+02 4.540078447804885828e-05
7.710000000000000000e+02 4.545415966818447184e-05
7.720000000000000000e+02 4.550833261094730774e-05
7.730000000000000000e+02 4.556328926740143832e-05
7.740000000000000000e+02 4.561901548183043569e-05
7.750000000000000000e+02 4.567549672979250383e-05
7.760000000000000000e+02 4.573271828802300915e-05
7.770000000000000000e+02 4.579066514861986504e-05
7.780000000000000000e+02 4.584932213877624681e-05
7.790000000000000000e+02 4.590867380011525958e-05
7.800000000000000000e+02 4.596870450599158732e-05
7.810000000000000000e+02 4.602939835641015759e-05
7.820000000000000000e+02 4.609073929707347799e-05
7.830000000000000000e+02 4.615271105805824660e-05
7.840000000000000000e+02 4.621529717302176295e-05
7.850000000000000000e+02 4.627848099680695906e-05
7.860000000000000000e+02 4.634224567861561234e-05
7.870000000000000000e+02 4.640657422408003802e-05
7.880000000000000000e+02 4.647144942642836046e-05
7.890000000000000000e+02 4.653685400959337904e-05
7.900000000000000000e+02 4.660277044402197410e-05
7.910000000000000000e+02 4.666918114091561816e-05
7.920000000000000000e+02 4.673606836765032796e-05
7.930000000000000000e+02 4.680341422084700686e-05
7.940000000000000000e+02 4.687120074801400909e-05
7.950000000000000000e+02 4.693940983392522540e-05
7.960000000000000000e+02 4.700802329058284247e-05
7.970000000000000000e+02 4.707702284903587887e-05
7.980000000000000000e+02 4.714639016759348400e-05
7.990000000000000000e+02 4.721610677953911217e-05
8.000000000000000000e+02 4.728615419904082538e-05
8.010000000000000000e+02 4.735651385161028135e-05
8.020000000000000000e+02 4.742716709382997504e-05
8.030000000000000000e+02 4.749809528860737937e-05
8.040000000000000000e+02 4.756927972025956023e-05
8.050000000000000000e+02 4.764070165498201836e-05
8.060000000000000000e+02 4.771234231479692386e-05
8.070000000000000000e+02 4.778418291731650869e-05
8.080000000000000000e+02 4.785620466422503137e-05
8.090000000000000000e+02 4.792838883915182126e-05
8.100000000000000000e+02 4.800071664629555079e-05
8.110000000000000000e+02 4.807316934875843767e-05
8.120000000000000000e+02 4.814572823093000639e-05
8.130000000000000000e+02 4.821837464529820820e-05
8.140000000000000000e+02 4.829108993521081763e-05
8.150000000000000000e+02 4.836385559320600914e-05
8.160000000000000000e+02 4.843665306421098059e-05
8.170000000000000000e+02 4.850946395593938083e-05
8.180000000000000000e+02 4.858226992569438906e-05
8.190000000000000000e+02 4.865505274565809572e-05
8.200000000000000000e+02 4.872779421052305423e-05
8.210000000000000000e+02 4.880047635799637020e-05
8.220000000000000000e+02 4.887308119108201286e-05
8.230000000000000000e+02 4.894559099274460356e-05
8.240000000000000000e+02 4.901798805082013144e-05
8.250000000000000000e+02 4.909025493208187961e-05
8.260000000000000000e+02 4.916237425990700917e-05
8.270000000000000000e+02 4.923432889012341112e-05
8.280000000000000000e+02 4.930610180771238511e-05
8.290000000000000000e+02 4.937767622527454577e-05
8.300000000000000000e+02 4.944903555920334836e-05
8.310000000000000000e+02 4.952016341511878512e-05
8.320000000000000000e+02 4.959104362007084614e-05
8.330000000000000000e+02 4.966166024823488040e-05
8.340000000000000000e+02 4.973199762984511000e-05
8.350000000000000000e+02 4.980204030788237964e-05
8.360000000000000000e+02 4.987177310914865061e-05
8.370000000000000000e+02 4.994118115161810833e-05
8.380000000000000000e+02 5.001024977198192337e-05
8.390000000000000000e+02 5.007896467773755050e-05
8.400000000000000000e+02 5.014731180946773082e-05
8.410000000000000000e+02 5.021527746663315833e-05
8.420000000000000000e+02 5.028284824747281562e-05
8.430000000000000000e+02 5.035001109127260527e-05
8.440000000000000000e+02 5.041675325043508892e-05
8.450000000000000000e+02 5.048306238159263947e-05
8.460000000000000000e+02 5.054892647198610200e-05
8.470000000000000000e+02 5.061433385184402442e-05
8.480000000000000000e+02 5.067927329616753716e-05
8.490000000000000000e+02 5.074373388186286443e-05
8.500000000000000000e+02 5.080770519619154504e-05
8.510000000000000000e+02 5.087117710498515187e-05
8.520000000000000000e+02 5.093414000142999510e-05
8.530000000000000000e+02 5.099658466632418221e-05
8.540000000000000000e+02 5.105850228012240620e-05
8.550000000000000000e+02 5.111988449322293600e-05
8.560000000000000000e+02 5.118072339914948280e-05
8.570000000000000000e+02 5.124101150917859229e-05
8.580000000000000000e+02 5.130074185250836519e-05
8.590000000000000000e+02 5.135990780843316302e-05
8.600000000000000000e+02 5.141850332078978547e-05
8.610000000000000000e+02 5.147652274842429994e-05
8.620000000000000000e+02 5.153396097912932999e-05
8.630000000000000000e+02 5.159081330494976695e-05
8.640000000000000000e+02 5.164707557809533850e-05
8.650000000000000000e+02 5.170274405857010826e-05
8.660000000000000000e+02 5.175781558417558652e-05
8.670000000000000000e+02 5.181228743486105326e-05
8.680000000000000000e+02 5.186615741025680024e-05
8.690000000000000000e+02 5.191942376464092683e-05
8.700000000000000000e+02 5.197208535499823936e-05
8.710000000000000000e+02 5.202414143525717799e-05
8.720000000000000000e+02 5.207559182073343685e-05
8.730000000000000000e+02 5.212643675774578263e-05
8.740000000000000000e+02 5.217667707371262392e-05
8.750000000000000000e+02 5.222631403248623769e-05
8.760000000000000000e+02 5.227534940941178749e-05
8.770000000000000000e+02 5.232378542248230163e-05
8.780000000000000000e+02 5.237162483638835617e-05
8.790000000000000000e+02 5.241887076896427708e-05
8.800000000000000000e+02 5.246552694166349405e-05
8.810000000000000000e+02 5.251159747408093106e-05
8.820000000000000000e+02 5.255708694607792638e-05
8.830000000000000000e+02 5.260200041910671390e-05
8.840000000000000000e+02 5.264634334256362603e-05
8.850000000000000000e+02 5.269012169466201625e-05
8.860000000000000000e+02 5.273334179323914270e-05
8.870000000000000000e+02 5.277601050650857704e-05
8.880000000000000000e+02 5.281813498887145492e-05
8.890000000000000000e+02 5.285972292438892737e-05
8.900000000000000000e+02 5.290078233144716104e-05
8.910000000000000000e+02 5.294132170018945704e-05
8.920000000000000000e+02 5.298134980541212107e-05
8.930000000000000000e+02 5.302087590668354592e-05
8.940000000000000000e+02 5.305990951637843165e-05
8.950000000000000000e+02 5.309846062539134417e-05
8.960000000000000000e+02 5.313653943359960321e-05
8.970000000000000000e+02 5.317415660790755316e-05
8.980000000000000000e+02 5.321132294413496468e-05
8.990000000000000000e+02 5.324804974527476930e-05
9.000000000000000000e+02 5.328434843079883469e-05
9.010000000000000000e+02 5.332023089059825756e-05
9.020000000000000000e+02 5.335570904899863276e-05
9.030000000000000000e+02 5.339079522729497267e-05
9.040000000000000000e+02 5.342550193715023407e-05
9.050000000000000000e+02 5.345984198029141447e-05
9.060000000000000000e+02 5.349382824258189039e-05
9.070000000000000000e+02 5.352747390150360815e-05
9.080000000000000000e+02 5.356079234033151798e-05
9.090000000000000000e+02 5.359379708290948921e-05
9.100000000000000000e+02 5.362650178452246633e-05
9.110000000000000000e+02 5.365892027894834292e-05
9.120000000000000000e+02 5.369106656544522479e-05
9.130000000000000000e+02 5.372295468494242662e-05
9.140000000000000000e+02 5.375459884180019775e-05
9.150000000000000000e+02 5.378601332519195933e-05
9.160000000000000000e+02 5.381721253272459736e-05
9.170000000000000000e+02 5.384821087538877571e-05
9.180000000000000000e+02 5.387902289204298092e-05
9.190000000000000000e+02 5.390966315005953226e-05
9.200000000000000000e+02 5.394014622492857047e-05
9.210000000000000000e+02 5.397048671778141435e-05
9.220000000000000000e+02 5.400069930331382153e-05
9.230000000000000000e+02 5.403079859277055546e-05
9.240000000000000000e+02 5.406079914308897062e-05
9.250000000000000000e+02 5.409071560003549849e-05
9.260000000000000000e+02 5.412056242320425819e-05
9.270000000000000000e+02 5.415035415730894299e-05
9.280000000000000000e+02 5.418010515231023251e-05
9.290000000000000000e+02 5.420982991345944948e-05
9.300000000000000000e+02 5.423954256320567401e-05
9.310000000000000000e+02 5.426925741558699299e-05
9.320000000000000000e+02 5.429898844871723884e-05
9.330000000000000000e+02 5.432874965544162417e-05
9.340000000000000000e+02 5.435855496707965302e-05
9.350000000000000000e+02 5.438841801738324226e-05
9.360000000000000000e+02 5.441835241961801733e-05
9.370000000000000000e+02 5.444837169081481596e-05
9.380000000000000000e+02 5.447848908585107875e-05
9.390000000000000000e+02 5.450871774480663665e-05
9.400000000000000000e+02 5.453907058704199025e-05
9.410000000000000000e+02 5.456956048001280281e-05
9.420000000000000000e+02 5.460019999299139812e-05
9.430000000000000000e+02 5.463100159685394170e-05
9.440000000000000000e+02 5.466197749559484039e-05
9.450000000000000000e+02 5.469313977772112875e-05
9.460000000000000000e+02 5.472450026529109950e-05
9.470000000000000000e+02 5.475607057042438438e-05
9.480000000000000000e+02 5.478786220369751258e-05
9.490000000000000000e+02 5.481988625787632301e-05
9.500000000000000000e+02 5.485215379425832351e-05
9.510000000000000000e+02 5.488467557580423395e-05
9.520000000000000000e+02 5.491746206818274380e-05
9.530000000000000000e+02 5.495052354875576813e-05
9.540000000000000000e+02 5.498387005438660162e-05
9.550000000000000000e+02 5.501751140468347169e-05
9.560000000000000000e+02 5.505145717034291532e-05
9.570000000000000000e+02 5.508571653095837857e-05
9.580000000000000000e+02 5.512029858117274689e-05
9.590000000000000000e+02 5.515521202777156376e-05
9.600000000000000000e+02 5.519046541507738660e-05
9.610000000000000000e+02 5.522606705083149011e-05
9.620000000000000000e+02 5.526202488328753570e-05
9.630000000000000000e+02 5.529834676202423745e-05
9.640000000000000000e+02 5.533504016654864000e-05
9.650000000000000000e+02 5.537211240537392656e-05
9.660000000000000000e+02 5.540957039264129275e-05
9.670000000000000000e+02 5.544742102148736700e-05
9.680000000000000000e+02 5.548567067654084202e-05
9.690000000000000000e+02 5.552432562167796277e-05
9.700000000000000000e+02 5.556339180188102188e-05
9.710000000000000000e+02 5.560287501901158079e-05
9.720000000000000000e+02 5.564278057547340567e-05
9.730000000000000000e+02 5.568311379038779960e-05
9.740000000000000000e+02 5.572387949397907041e-05
9.750000000000000000e+02 5.576508235087005241e-05
9.760000000000000000e+02 5.580672677927798895e-05
9.770000000000000000e+02 5.584881687302705019e-05
9.780000000000000000e+02 5.589135651269109726e-05
9.790000000000000000e+02 5.593434934311538611e-05
9.800000000000000000e+02 5.597779866166033476e-05
9.810000000000000000e+02 5.602170754869741136e-05
9.820000000000000000e+02 5.606607895521559709e-05
9.830000000000000000e+02 5.611091527176758644e-05
9.840000000000000000e+02 5.615621903283826943e-05
9.850000000000000000e+02 5.620199213314899149e-05
9.860000000000000000e+02 5.624823659245985777e-05
9.870000000000000000e+02 5.629495379965194384e-05
9.880000000000000000e+02 5.634214531418665168e-05
9.890000000000000000e+02 5.638981212527960802e-05
9.900000000000000000e+02 5.643795533474713712e-05
9.910000000000000000e+02 5.648657539340925046e-05
9.920000000000000000e+02 5.653567295211041832e-05
9.930000000000000000e+02 5.658524797720847747e-05
9.940000000000000000e+02 5.663530068772737783e-05
9.950000000000000000e+02 5.668583066828758986e-05
9.960000000000000000e+02 5.673683751354312971e-05
9.970000000000000000e+02 5.678832037598697597e-05
9.980000000000000000e+02 5.684027832374288227e-05
9.990000000000000000e+02 5.689271007980444813e-05
1.000000000000000000e+03 5.694561421941262693e-05
1.001000000000000000e+03 5.699898903371837332e-05
1.002000000000000000e+03 5.705283260713093406e-05
1.003000000000000000e+03 5.710714270301951349e-05
1.004000000000000000e+03 5.716191702479651567e-05
1.005000000000000000e+03 5.721715287180320641e-05
1.006000000000000000e+03 5.727284754436575434e-05
1.007000000000000000e+03 5.732899790007973874e-05
1.008000000000000000e+03 5.738560074599620940e-05
1.009000000000000000e+03 5.744265261167148020e-05
1.010000000000000000e+03 5.750014987619523043e-05
1.011000000000000000e+03 5.755808862260615455e-05
1.012000000000000000e+03 5.761646491354704416e-05
1.013000000000000000e+03 5.767527433690290489e-05
1.014000000000000000e+03 5.773451269333812821e-05
1.015000000000000000e+03 5.779417523010987103e-05
1.016000000000000000e+03 5.785425716285812528e-05
1.017000000000000000e+03 5.791475354614718100e-05
1.018000000000000000e+03 5.797565912454681223e-05
1.019000000000000000e+03 5.803696856086860479e-05
1.020000000000000000e+03 5.809867624604748672e-05
1.021000000000000000e+03 5.816077647965016179e-05
1.022000000000000000e+03 5.822326326344777952e-05
1.023000000000000000e+03 5.828613052729261209e-05
1.024000000000000000e+03 5.834937188050821254e-05
1.025000000000000000e+03 5.841298080018508966e-05
1.026000000000000000e+03 5.847695061638198536e-05
1.027000000000000000e+03 5.854127451390571445e-05
1.028000000000000000e+03 5.860594532412736622e-05
1.029000000000000000e+03 5.867095600102763476e-05
1.030000000000000000e+03 5.873629907000202756e-05
1.031000000000000000e+03 5.880196704482040299e-05
1.032000000000000000e+03 5.886795223029649631e-05
1.033000000000000000e+03 5.893424689533143825e-05
1.034000000000000000e+03 5.900084309933042575e-05
1.035000000000000000e+03 5.906773275679802373e-05
1.036000000000000000e+03 5.913490768065199447e-05
1.037000000000000000e+03 5.920235967235597859e-05
1.038000000000000000e+03 5.927008022523941555e-05
1.039000000000000000e+03 5.933806087790085144e-05
1.040000000000000000e+03 5.940629303726189576e-05
1.041000000000000000e+03 5.947476791546651943e-05
1.042000000000000000e+03 5.954347675589619104e-05
1.043000000000000000e+03 5.961241059867329806e-05
1.044000000000000000e+03 5.968156043398014797e-05
1.045000000000000000e+03 5.975091711105165449e-05
1.046000000000000000e+03 5.982047159382251883e-05
1.047000000000000000e+03 5.989021446088493427e-05
1.048000000000000000e+03 5.996013649616043888e-05
1.049000000000000000e+03 6.003022825434976042e-05
1.050000000000000000e+03 6.010048039111280497e-05
1.051000000000000000e+03 6.017088330412376820e-05
1.052000000000000000e+03 6.024142756127754230e-05
1.053000000000000000e+03 6.031210355322456988e-05
1.054000000000000000e+03 6.038290178952722680e-05
1.055000000000000000e+03 6.045381273276381160e-05
1.056000000000000000e+03 6.052482678371863518e-05
1.057000000000000000e+03 6.059593455214783890e-05
1.058000000000000000e+03 6.066712640335072493e-05
1.059000000000000000e+03 6.073839296956135122e-05
1.060000000000000000e+03 6.080972472007557035e-05
1.061000000000000000e+03 6.088111245714970750e-05
1.062000000000000000e+03 6.095254672921538949e-05
1.063000000000000000e+03 6.102401839159533881e-05
1.064000000000000000e+03 6.109551809723832592e-05
1.065000000000000000e+03 6.116703691190990863e-05
1.066000000000000000e+03 6.123856570839784951e-05
1.067000000000000000e+03 6.131009574611591796e-05
1.068000000000000000e+03 6.138161800799452517e-05
1.069000000000000000e+03 6.145312405053893418e-05
1.070000000000000000e+03 6.152460511831453526e-05
1.071000000000000000e+03 6.159605287775887772e-05
1.072000000000000000e+03 6.166745900130196406e-05
1.073000000000000000e+03 6.173881537285396282e-05
1.074000000000000000e+03 6.181011402871087763e-05
1.075000000000000000e+03 6.188134711343705973e-05
1.076000000000000000e+03 6.195250702654046891e-05
1.077000000000000000e+03 6.202358629452384739e-05
1.078000000000000000e+03 6.209457770699291265e-05
1.079000000000000000e+03 6.216547416924995126e-05
1.080000000000000000e+03 6.223626887796734084e-05
1.081000000000000000e+03 6.230695521524984401e-05
1.082000000000000000e+03 6.237752680566289738e-05
1.083000000000000000e+03 6.244797749133770327e-05
1.084000000000000000e+03 6.251830134738680929e-05
1.085000000000000000e+03 6.258849268580621967e-05
1.086000000000000000e+03 6.265854613456854009e-05
1.087000000000000000e+03 6.272845656922811650e-05
1.088000000000000000e+03 6.279821906135253087e-05
1.089000000000000000e+03 6.286782902853231233e-05
1.090000000000000000e+03 6.293728212011448497e-05
1.091000000000000000e+03 6.300657429503502948e-05
1.092000000000000000e+03 6.307570175770155186e-05
1.093000000000000000e+03 6.314466102771370377e-05
1.094000000000000000e+03 6.321344895253417197e-05
1.095000000000000000e+03 6.328206261448196708e-05
1.096000000000000000e+03 6.335049946710845500e-05
1.097000000000000000e+03 6.341875716768050476e-05
1.098000000000000000e+03 6.348683377983755283e-05
1.099000000000000000e+03 6.355472769956759134e-05
1.100000000000000000e+03 6.362243752641419576e-05
1.101000000000000000e+03 6.368996231924743386e-05
1.102000000000000000e+03 6.375730125182157689e-05
1.103000000000000000e+03 6.382445403048514205e-05
1.104000000000000000e+03 6.389142055992582151e-05
1.105000000000000000e+03 6.395820110483380831e-05
1.106000000000000000e+03 6.402479622582920205e-05
1.107000000000000000e+03 6.409120678274158494e-05
1.108000000000000000e+03 6.415743411623924246e-05
1.109000000000000000e+03 6.422347967434000060e-05
1.110000000000000000e+03 6.428934534482704270e-05
1.111000000000000000e+03 6.435503330484824861e-05
1.112000000000000000e+03 6.442054603136127639e-05
1.113000000000000000e+03 6.448588634827057998e-05
1.114000000000000000e+03 6.455105738800543899e-05
1.115000000000000000e+03 6.461606252315111839e-05
1.116000000000000000e+03 6.468090549059771514e-05
1.117000000000000000e+03 6.474559035460378893e-05
1.118000000000000000e+03 6.481012143074954090e-05
1.119000000000000000e+03 6.487450326681286968e-05
1.120000000000000000e+03 6.493874087514608419e-05
1.121000000000000000e+03 6.500283931830399772e-05
1.122000000000000000e+03 6.506680414268102227e-05
1.123000000000000000e+03 6.513064104195024349e-05
1.124000000000000000e+03 6.519435602931814141e-05
1.125000000000000000e+03 6.525795528446176608e-05
1.126000000000000000e+03 6.532144542086393659e-05
1.127000000000000000e+03 6.538483309791682044e-05
1.128000000000000000e+03 6.544812538609346309e-05
1.129000000000000000e+03 6.551132952162877770e-05
1.130000000000000000e+03 6.557445302216086049e-05
1.131000000000000000e+03 6.563750355170788102e-05
1.132000000000000000e+03 6.570048905121137698e-05
1.133000000000000000e+03 6.576341765944584701e-05
1.134000000000000000e+03 6.582629771288418764e-05
1.135000000000000000e+03 6.588913782405505788e-05
1.136000000000000000e+03 6.595194663875694459e-05
1.137000000000000000e+03 6.601473317500693443e-05
1.138000000000000000e+03 6.607750650062223035e-05
1.139000000000000000e+03 6.614027593889331726e-05
1.140000000000000000e+03 6.620305084735296952e-05
1.141000000000000000e+03 6.626584090964087370e-05
1.142000000000000000e+03 6.632865575914856707e-05
1.143000000000000000e+03 6.639150537514847648e-05
1.144000000000000000e+03 6.645439964006095057e-05
1.145000000000000000e+03 6.651734880085849000e-05
1.146000000000000000e+03 6.658036301743433939e-05
1.147000000000000000e+03 6.664345271414479608e-05
1.148000000000000000e+03 6.670662832239413560e-05
1.149000000000000000e+03 6.676990044077269555e-05
1.150000000000000000e+03 6.683327970856712814e-05
1.151000000000000000e+03 6.689677687354957179e-05
1.152000000000000000e+03 6.696040274418027310e-05
1.153000000000000000e+03 6.702416819362683274e-05
1.154000000000000000e+03 6.708808422056336302e-05
1.155000000000000000e+03 6.715216174583010518e-05
1.156000000000000000e+03 6.721641189779231054e-05
1.157000000000000000e+03 6.728084569598189151e-05
1.158000000000000000e+03 6.734547431455601514e-05
1.159000000000000000e+03 6.741030887997928568e-05
1.160000000000000000e+03 6.747536055603449196e-05
1.161000000000000000e+03 6.754064056961096591e-05
1.162000000000000000e+03 6.760616002895744137e-05
1.163000000000000000e+03 6.767193020737893459e-05
1.164000000000000000e+03 6.773796221926790589e-05
1.165000000000000000e+03 6.780426729910546055e-05
1.166000000000000000e+03 6.787085662647288000e-05
1.167000000000000000e+03 6.793774134350897089e-05
1.168000000000000000e+03 6.800493257275340366e-05
1.169000000000000000e+03 6.807244142409272147e-05
1.170000000000000000e+03 6.814027890405174458e-05
1.171000000000000000e+03 6.820845609993509068e-05
1.172000000000000000e+03 6.827698390699700882e-05
1.173000000000000000e+03 6.834587329186061642e-05
1.174000000000000000e+03 6.841513507726537375e-05
1.175000000000000000e+03 6.848478005739452282e-05
1.176000000000000000e+03 6.855481899395140036e-05
1.177000000000000000e+03 6.862526251814180162e-05
1.178000000000000000e+03 6.869612117519765062e-05
1.179000000000000000e+03 6.876740553020383286e-05
1.180000000000000000e+03 6.883912588768319478e-05
1.181000000000000000e+03 6.891129267953551940e-05
1.182000000000000000e+03 6.898391603921400601e-05
1.183000000000000000e+03 6.905700618131744759e-05
1.184000000000000000e+03 6.913057298286262402e-05
1.185000000000000000e+03 6.920462650853536864e-05
1.186000000000000000e+03 6.927917644567160296e-05
1.187000000000000000e+03 6.935423255309883499e-05
1.188000000000000000e+03 6.942980428691759951e-05
1.189000000000000000e+03 6.950590113693278025e-05
1.190000000000000000e+03 6.958253237496876079e-05
1.191000000000000000e+03 6.965970716403805296e-05
1.192000000000000000e+03 6.973743454314856156e-05
1.193000000000000000e+03 6.981572342139187712e-05
1.194000000000000000e+03 6.989458252601069661e-05
1.195000000000000000e+03 6.997402042182799739e-05
1.196000000000000000e+03 7.005404559880140419e-05
1.197000000000000000e+03 7.013466629613187805e-05
1.198000000000000000e+03 7.021589066555531061e-05
1.199000000000000000e+03 7.029772660997498214e-05
1.200000000000000000e+03 7.038018195511884620e-05
1.201000000000000000e+03 7.046326425998742033e-05
1.202000000000000000e+03 7.054698095486318160e-05
1.203000000000000000e+03 7.063133931030451224e-05
1.204000000000000000e+03 7.071634631540791541e-05
1.205000000000000000e+03 7.080200891115805693e-05
1.206000000000000000e+03 7.088833367880339532e-05
1.207000000000000000e+03 7.097532721162616587e-05
1.208000000000000000e+03 7.106299574790293327e-05
1.209000000000000000e+03 7.115134538173846480e-05
1.210000000000000000e+03 7.124038197232536744e-05
1.211000000000000000e+03 7.133011124429045492e-05
1.212000000000000000e+03 7.142053859707868358e-05
1.213000000000000000e+03 7.151166928251154631e-05
1.214000000000000000e+03 7.160350825981265377e-05
1.215000000000000000e+03 7.169606040527819082e-05
1.216000000000000000e+03 7.178933016792163498e-05
1.217000000000000000e+03 7.188332194287813453e-05
1.218000000000000000e+03 7.197803977396728995e-05
1.219000000000000000e+03 7.207348752409563721e-05
1.220000000000000000e+03 7.216966887518801784e-05
1.221000000000000000e+03 7.226658712002286239e-05
1.222000000000000000e+03 7.236424545477205433e-05
1.223000000000000000e+03 7.246264672373089533e-05
1.224000000000000000e+03 7.256179358424020415e-05
1.225000000000000000e+03 7.266168840570551518e-05
1.226000000000000000e+03 7.276233334686228553e-05
1.227000000000000000e+03 7.286373029572525703e-05
1.228000000000000000e+03 7.296588083593574239e-05
1.229000000000000000e+03 7.306878637165350261e-05
1.230000000000000000e+03 7.317244803990374477e-05
1.231000000000000000e+03 7.327686668581458130e-05
1.232000000000000000e+03 7.338204280787136624e-05
1.233000000000000000e+03 7.348797688890509210e-05
1.234000000000000000e+03 7.359466886397626360e-05
1.235000000000000000e+03 7.370211853998314766e-05
1.236000000000000000e+03 7.381032539997932752e-05
1.237000000000000000e+03 7.391928877120546959e-05
1.238000000000000000e+03 7.402900756357862102e-05
1.239000000000000000e+03 7.413948060279379807e-05
1.240000000000000000e+03 7.425070618579636547e-05
1.241000000000000000e+03 7.436268264980847053e-05
1.242000000000000000e+03 7.447540782225539819e-05
1.243000000000000000e+03 7.458887946560840976e-05
1.244000000000000000e+03 7.470309491035150267e-05
1.245000000000000000e+03 7.481805121883285971e-05
1.246000000000000000e+03 7.493374523477261016e-05
1.247000000000000000e+03 7.505017360995145563e-05
1.248000000000000000e+03 7.516733261952856647e-05
1.249000000000000000e+03 7.528521835838093224e-05
1.250000000000000000e+03 7.540382658284079849e-05
1.251000000000000000e+03 7.552315287580838195e-05
1.252000000000000000e+03 7.564319241116560758e-05
1.253000000000000000e+03 7.576394038048321297e-05
1.254000000000000000e+03 7.588539134650177720e-05
1.255000000000000000e+03 7.600753998048539399e-05
1.256000000000000000e+03 7.613038039823143296e-05
1.257000000000000000e+03 7.625390671680293427e-05
1.258000000000000000e+03 7.637811269489720300e-05
1.259000000000000000e+03 7.650299186723887545e-05
1.260000000000000000e+03 7.662853740038451324e-05
1.261000000000000000e+03 7.675474251263502627e-05
1.262000000000000000e+03 7.688159989221451463e-05
1.263000000000000000e+03 7.700910229449292512e-05
1.264000000000000000e+03 7.713724195985468938e-05
1.265000000000000000e+03 7.726601112821530806e-05
1.266000000000000000e+03 7.739540171274927394e-05
1.267000000000000000e+03 7.752540542107447946e-05
1.268000000000000000e+03 7.765601372553355747e-05
1.269000000000000000e+03 7.778721798062468592e-05
1.270000000000000000e+03 7.791900917375902606e-05
1.271000000000000000e+03 7.805137839426393599e-05
1.272000000000000000e+03 7.818431612783276901e-05
1.273000000000000000e+03 7.831781317115076556e-05
1.274000000000000000e+03 7.845185959635305318e-05
1.275000000000000000e+03 7.858644581866281202e-05
1.276000000000000000e+03 7.872156153713603857e-05
1.277000000000000000e+03 7.885719684638656983e-05
1.278000000000000000e+03 7.899334120468175788e-05
1.279000000000000000e+03 7.912998432485867620e-05
1.280000000000000000e+03 7.926711530714902710e-05
1.281000000000000000e+03 7.940472355319710789e-05
1.282000000000000000e+03 7.954279796600799998e-05
1.283000000000000000e+03 7.968132757280675508e-05
1.284000000000000000e+03 7.982030106360368522e-05
1.285000000000000000e+03 7.995970717650334859e-05
1.286000000000000000e+03 8.009953430826776213e-05
1.287000000000000000e+03 8.023977094831507726e-05
1.288000000000000000e+03 8.038040526329336870e-05
1.289000000000000000e+03 8.052142552399236847e-05
1.290000000000000000e+03 8.066281981226787066e-05
1.291000000000000000e+03 8.080457611683377164e-05
1.292000000000000000e+03 8.094668241167031074e-05
1.293000000000000000e+03 8.108912636896070138e-05
1.294000000000000000e+03 8.123189586096613468e-05
1.295000000000000000e+03 8.137497854752950269e-05
1.296000000000000000e+03 8.151836201636075111e-05
1.297000000000000000e+03 8.166203385565642915e-05
1.298000000000000000e+03 8.180598148751834118e-05
1.299000000000000000e+03 8.195019243154056407e-05
1.300000000000000000e+03 8.209465409758295862e-05
1.301000000000000000e+03 8.223935385080100599e-05
1.302000000000000000e+03 8.238427896150475052e-05
1.303000000000000000e+03 8.252941681705887724e-05
1.304000000000000000e+03 8.267475461973715562e-05
1.305000000000000000e+03 8.282027965249884056e-05
1.306000000000000000e+03 8.296597918076895441e-05
1.307000000000000000e+03 8.311184034203231282e-05
1.308000000000000000e+03 8.325785044357437417e-05
1.309000000000000000e+03 8.340399667027306025e-05
1.310000000000000000e+03 8.355026637807901643e-05
1.311000000000000000e+03 8.369664667587735005e-05
1.312000000000000000e+03 8.384312498710244481e-05
1.313000000000000000e+03 8.398968852724258375e-05
1.314000000000000000e+03 8.413632469336355414e-05
1.315000000000000000e+03 8.428302088013470410e-05
1.316000000000000000e+03 8.442976441391079217e-05
1.317000000000000000e+03 8.457654272581217902e-05
1.318000000000000000e+03 8.472334338714344914e-05
1.319000000000000000e+03 8.487015392271740524e-05
1.320000000000000000e+03 8.501696184604622434e-05
1.321000000000000000e+03 8.516375500235361616e-05
1.322000000000000000e+03 8.531052084743691137e-05
1.323000000000000000e+03 8.545724735823772558e-05
1.324000000000000000e+03 8.560392225279958751e-05
1.325000000000000000e+03 8.575053368394662827e-05
1.326000000000000000e+03 8.589706955381281748e-05
1.327000000000000000e+03 8.604351809054986138e-05
1.328000000000000000e+03 8.618986738357589130e-05
1.329000000000000000e+03 8.633610592548344000e-05
1.330000000000000000e+03 8.648222200924446032e-05
1.331000000000000000e+03 8.662820425314641745e-05
1.332000000000000000e+03 8.677404126910117992e-05
1.333000000000000000e+03 8.691972196704151514e-05
1.334000000000000000e+03 8.706523501741765731e-05
1.335000000000000000e+03 8.721056970895511482e-05
1.336000000000000000e+03 8.735571499666532839e-05
1.337000000000000000e+03 8.750066038304761572e-05
1.338000000000000000e+03 8.764539519094338379e-05
1.339000000000000000e+03 8.778990907837421961e-05
1.340000000000000000e+03 8.793419169649177157e-05
1.341000000000000000e+03 8.807823304973011415e-05
1.342000000000000000e+03 8.822202322381249100e-05
1.343000000000000000e+03 8.836555242739516807e-05
1.344000000000000000e+03 8.850881102412618050e-05
1.345000000000000000e+03 8.865178960917931305e-05
1.346000000000000000e+03 8.879447899178832143e-05
1.347000000000000000e+03 8.893687012337052171e-05
1.348000000000000000e+03 8.907895421503317747e-05
1.349000000000000000e+03 8.922072257777536751e-05
1.350000000000000000e+03 8.936216672191677889e-05
1.351000000000000000e+03 8.950327845253812690e-05
1.352000000000000000e+03 8.964404975884158946e-05
1.353000000000000000e+03 8.978447289160882598e-05
1.354000000000000000e+03 8.992454017045891485e-05
1.355000000000000000e+03 9.006424429420439653e-05
1.356000000000000000e+03 9.020357809556515526e-05
1.357000000000000000e+03 9.034253485014713243e-05
1.358000000000000000e+03 9.048110776167298777e-05
1.359000000000000000e+03 9.061929052026699010e-05
1.360000000000000000e+03 9.075707698406999628e-05
1.361000000000000000e+03 9.089446142956643208e-05
1.362000000000000000e+03 9.103143817579523840e-05
1.363000000000000000e+03 9.116800193906767261e-05
1.364000000000000000e+03 9.130414776752916164e-05
1.365000000000000000e+03 9.143987087979556813e-05
1.366000000000000000e+03 9.157516685285920985e-05
1.367000000000000000e+03 9.171003165491367680e-05
1.368000000000000000e+03 9.184446143817297399e-05
1.369000000000000000e+03 9.197845260591568355e-05
1.370000000000000000e+03 9.211200211914704976e-05
1.371000000000000000e+03 9.224510702742240160e-05
1.372000000000000000e+03 9.237776478421025838e-05
1.373000000000000000e+03 9.250997317589158863e-05
1.374000000000000000e+03 9.264173036137078414e-05
1.375000000000000000e+03 9.277303492242881420e-05
1.376000000000000000e+03 9.290388557849134517e-05
1.377000000000000000e+03 9.303428153891353796e-05
1.378000000000000000e+03 9.316422226266598595e-05
1.379000000000000000e+03 9.329370785414747857e-05
1.380000000000000000e+03 9.342273836543120262e-05
1.381000000000000000e+03 9.355131458483466236e-05
1.382000000000000000e+03 9.367943742964153573e-05
1.383000000000000000e+03 9.380710852064233355e-05
1.384000000000000000e+03 9.393432933850378707e-05
1.385000000000000000e+03 9.406110228949593087e-05
1.386000000000000000e+03 9.418742983382498446e-05
1.387000000000000000e+03 9.431331493861823769e-05
1.388000000000000000e+03 9.443876090535377292e-05
1.389000000000000000e+03 9.456377158619740954e-05
1.390000000000000000e+03 9.468835109390537146e-05
1.391000000000000000e+03 9.481250397578048703e-05
1.392000000000000000e+03 9.493623514314310295e-05
1.393000000000000000e+03 9.505954998450140815e-05
1.394000000000000000e+03 9.518245420480398757e-05
1.395000000000000000e+03 9.530495398879145418e-05
1.396000000000000000e+03 9.542705593191420368e-05
1.397000000000000000e+03 9.554876710338106114e-05
1.398000000000000000e+03 9.567009482264193657e-05
1.399000000000000000e+03 9.579104687764887591e-05
1.400000000000000000e+03 9.591163155320385502e-05
1.401000000000000000e+03 9.603185749072262257e-05
1.402000000000000000e+03 9.615173361977345855e-05
1.403000000000000000e+03 9.627126947696676949e-05
1.404000000000000000e+03 9.639047481257718552e-05
1.405000000000000000e+03 9.650935998427428975e-05
1.406000000000000000e+03 9.662793540996619552e-05
1.407000000000000000e+03 9.674621233685843519e-05
1.408000000000000000e+03 9.686420208093243160e-05
1.409000000000000000e+03 9.698191649462804494e-05
1.410000000000000000e+03 9.709936778179254228e-05
1.411000000000000000e+03 9.721656847082881284e-05
1.412000000000000000e+03 9.733353146092879799e-05
1.413000000000000000e+03 9.745027014608292296e-05
1.414000000000000000e+03 9.756679812315786232e-05
1.415000000000000000e+03 9.768312943473626451e-05
1.416000000000000000e+03 9.779927855033645936e-05
1.417000000000000000e+03 9.791526016553695475e-05
1.418000000000000000e+03 9.803108929698362288e-05
1.419000000000000000e+03 9.814678136091483155e-05
1.420000000000000000e+03 9.826235215456253862e-05
1.421000000000000000e+03 9.837781764047667018e-05
1.422000000000000000e+03 9.849319428106391363e-05
1.423000000000000000e+03 9.860849859072074093e-05
1.424000000000000000e+03 9.872374763932986372e-05
1.425000000000000000e+03 9.883895855634523809e-05
1.426000000000000000e+03 9.895414897043047536e-05
1.427000000000000000e+03 9.906933654342868717e-05
1.428000000000000000e+03 9.918453942118869715e-05
1.429000000000000000e+03 9.929977584224573980e-05
1.430000000000000000e+03 9.941506433655402460e-05
1.431000000000000000e+03 9.953042362634455177e-05
1.432000000000000000e+03 9.964587271565045039e-05
1.433000000000000000e+03 9.976143075236366487e-05
1.434000000000000000e+03 9.987711713663430138e-05
1.435000000000000000e+03 9.999295148051113419e-05
1.436000000000000000e+03 1.001089534460178001e-04
1.437000000000000000e+03 1.002251429309549780e-04
1.438000000000000000e+03 1.003415401106879387e-04
1.439000000000000000e+03 1.004581650682747425e-04
1.440000000000000000e+03 1.005750381902871060e-04
1.441000000000000000e+03 1.006921799144982885e-04
1.442000000000000000e+03 1.008096108172514368e-04
1.443000000000000000e+03 1.009273515550943799e-04
1.444000000000000000e+03 1.010454228612957218e-04
1.445000000000000000e+03 1.011638455638991794e-04
1.446000000000000000e+03 1.012826405645057864e-04
1.447000000000000000e+03 1.014018287596691004e-04
1.448000000000000000e+03 1.015214311384734526e-04
1.449000000000000000e+03 1.016414687422135805e-04
1.450000000000000000e+03 1.017619625610813279e-04
1.451000000000000000e+03 1.018829336258530717e-04
1.452000000000000000e+03 1.020044029531452513e-04
1.453000000000000000e+03 1.021263915518296329e-04
1.454000000000000000e+03 1.022489203587136395e-04
1.455000000000000000e+03 1.023720103334044762e-04
1.456000000000000000e+03 1.024956823498761874e-04
1.457000000000000000e+03 1.026199572350347555e-04
1.458000000000000000e+03 1.027448557285322550e-04
1.459000000000000000e+03 1.028703985059660286e-04
1.460000000000000000e+03 1.029966061286320553e-04
1.461000000000000000e+03 1.031234990743270532e-04
1.462000000000000000e+03 1.032510976876263440e-04
1.463000000000000000e+03 1.033794222115184741e-04
1.464000000000000000e+03 1.035084927350100599e-04
1.465000000000000000e+03 1.036383292245822879e-04
1.466000000000000000e+03 1.037689514721924159e-04
1.467000000000000000e+03 1.039003791316875429e-04
1.468000000000000000e+03 1.040326316603686871e-04
1.469000000000000000e+03 1.041657283675247983e-04
1.470000000000000000e+03 1.042996883436039573e-04
1.471000000000000000e+03 1.044345305186736116e-04
1.472000000000000000e+03 1.045702735858905654e-04
1.473000000000000000e+03 1.047069360529539762e-04
1.474000000000000000e+03 1.048445361931181187e-04
1.475000000000000000e+03 1.049830920598091515e-04
1.476000000000000000e+03 1.051226214672438511e-04
1.477000000000000000e+03 1.052631419958227182e-04
1.478000000000000000e+03 1.054046709713197199e-04
1.479000000000000000e+03 1.055472254756021218e-04
1.480000000000000000e+03 1.056908223164083931e-04
1.481000000000000000e+03 1.058354780452349406e-04
1.482000000000000000e+03 1.059812089402188462e-04
1.483000000000000000e+03 1.061280309839060174e-04
1.484000000000000000e+03 1.062759598926103788e-04
1.485000000000000000e+03 1.064250110756468677e-04
1.486000000000000000e+03 1.065751996474556469e-04
1.487000000000000000e+03 1.067265404215518365e-04
1.488000000000000000e+03 1.068790478936099673e-04
1.489000000000000000e+03 1.070327362573595374e-04
1.490000000000000000e+03 1.071876193711586656e-04
1.491000000000000000e+03 1.073437107842821860e-04
1.492000000000000000e+03 1.075010236878356417e-04
1.493000000000000000e+03 1.076595709584750592e-04
1.494000000000000000e+03 1.078193650892838971e-04
1.495000000000000000e+03 1.079804183067549500e-04
1.496000000000000000e+03 1.081427424027845888e-04
1.497000000000000000e+03 1.083063488695210297e-04
1.498000000000000000e+03 1.084712488366079475e-04
1.499000000000000000e+03 1.086374530059196653e-04
1.500000000000000000e+03 1.088049717636498245e-04
1.501000000000000000e+03 1.089738150422586341e-04
1.502000000000000000e+03 1.091439925367958702e-04
1.503000000000000000e+03 1.093155133502958992e-04
1.504000000000000000e+03 1.094883864508663224e-04
1.505000000000000000e+03 1.096626201395195510e-04
1.506000000000000000e+03 1.098382225161894488e-04
1.507000000000000000e+03 1.100152011791699852e-04
1.508000000000000000e+03 1.101935633553517956e-04
1.509000000000000000e+03 1.103733158896414525e-04
1.510000000000000000e+03 1.105544651628018036e-04
1.511000000000000000e+03 1.107370171054872948e-04
1.512000000000000000e+03 1.109209773099096240e-04
1.513000000000000000e+03 1.111063508644891720e-04
1.514000000000000000e+03 1.112931425354320993e-04
1.515000000000000000e+03 1.114813565002191280e-04
1.516000000000000000e+03 1.116709966734187701e-04
1.517000000000000000e+03 1.118620663123599888e-04
1.518000000000000000e+03 1.120545685143165644e-04
1.519000000000000000e+03 1.122485056143538926e-04
1.520000000000000000e+03 1.124438798760438445e-04
1.521000000000000000e+03 1.126406928307666674e-04
1.522000000000000000e+03 1.128389457049466511e-04
1.523000000000000000e+03 1.130386390847443374e-04
1.524000000000000000e+03 1.132397733578422745e-04
1.525000000000000000e+03 1.134423482081000652e-04
1.526000000000000000e+03 1.136463631562285886e-04
1.527000000000000000e+03 1.138518169958081284e-04
1.528000000000000000e+03 1.140587082816152138e-04
1.529000000000000000e+03 1.142670349262212936e-04
1.530000000000000000e+03 1.144767945740723296e-04
1.531000000000000000e+03 1.146879842622013866e-04
1.532000000000000000e+03 1.149006006378564557e-04
1.533000000000000000e+03 1.151146399786119167e-04
1.534000000000000000e+03 1.153300978980914435e-04
1.535000000000000000e+03 1.155469697650374596e-04
1.536000000000000000e+03 1.157652504554595676e-04
1.537000000000000000e+03 1.159849342635119239e-04
1.538000000000000000e+03 1.162060151429504296e-04
1.539000000000000000e+03 1.164284866611025476e-04
1.540000000000000000e+03 1.166523417950318328e-04
1.541000000000000000e+03 1.168775732094216456e-04
1.542000000000000000e+03 1.171041730939167318e-04
1.543000000000000000e+03 1.173321331588787606e-04
1.544000000000000000e+03 1.175614449003026284e-04
1.545000000000000000e+03 1.177920990465713865e-04
1.546000000000000000e+03 1.180240862411299264e-04
1.547000000000000000e+03 1.182573964371935277e-04
1.548000000000000000e+03 1.184920194932744160e-04
1.549000000000000000e+03 1.187279444681590935e-04
1.550000000000000000e+03 1.189651604651763403e-04
1.551000000000000000e+03 1.192036557246876460e-04
1.552000000000000000e+03 1.194434183861363657e-04
1.553000000000000000e+03 1.196844361449743313e-04
1.554000000000000000e+03 1.199266964448777642e-04
1.555000000000000000e+03 1.201701861260368205e-04
1.556000000000000000e+03 1.204148917005007808e-04
1.557000000000000000e+03 1.206607996284564128e-04
1.558000000000000000e+03 1.209078955212751629e-04
1.559000000000000000e+03 1.211561652091743473e-04
1.560000000000000000e+03 1.214055936458085844e-04
1.561000000000000000e+03 1.216561658516475354e-04
1.562000000000000000e+03 1.219078662502984993e-04
1.563000000000000000e+03 1.221606792064693970e-04
1.564000000000000000e+03 1.224145887087055068e-04
1.565000000000000000e+03 1.226695782860973399e-04
1.566000000000000000e+03 1.229256313368512260e-04
1.567000000000000000e+03 1.231827309718501343e-04
1.568000000000000000e+03 1.234408599577226779e-04
1.569000000000000000e+03 1.237000009397426937e-04
1.570000000000000000e+03 1.239601362826676587e-04
1.571000000000000000e+03 1.242212480736554919e-04
1.572000000000000000e+03 1.244833180244193742e-04
1.573000000000000000e+03 1.247463280082296419e-04
1.574000000000000000e+03 1.250102592437486715e-04
1.575000000000000000e+03 1.252750930758997664e-04
1.576000000000000000e+03 1.255408105547512420e-04
1.577000000000000000e+03 1.258073925183866870e-04
1.578000000000000000e+03 1.260748196510398298e-04
1.579000000000000000e+03 1.263430725329007804e-04
1.580000000000000000e+03 1.266121315662251047e-04
1.581000000000000000e+03 1.268819769569648102e-04
1.582000000000000000e+03 1.271525887534256558e-04
1.583000000000000000e+03 1.274239471474001586e-04
1.584000000000000000e+03 1.276960320716124067e-04
1.585000000000000000e+03 1.279688232520501405e-04
1.586000000000000000e+03 1.282423005001835301e-04
1.587000000000000000e+03 1.285164435474325480e-04
1.588000000000000000e+03 1.287912319970876724e-04
1.589000000000000000e+03 1.290666455446868796e-04
1.590000000000000000e+03 1.293426636926708721e-04
1.591000000000000000e+03 1.296192659963518235e-04
1.592000000000000000e+03 1.298964320439999730e-04
1.593000000000000000e+03 1.301741413579666910e-04
1.594000000000000000e+03 1.304523734714689782e-04
1.595000000000000000e+03 1.307311079330113570e-04
1.596000000000000000e+03 1.310103243155435310e-04
1.597000000000000000e+03 1.312900025037858868e-04
1.598000000000000000e+03 1.315701220377542399e-04
1.599000000000000000e+03 1.318506627912942395e-04
1.600000000000000000e+03 1.321316045149320214e-04
1.601000000000000000e+03 1.324129272126659592e-04
1.602000000000000000e+03 1.326946109722913552e-04
1.603000000000000000e+03 1.329766359910250983e-04
1.604000000000000000e+03 1.332589823960591451e-04
1.605000000000000000e+03 1.335416307551937228e-04
1.606000000000000000e+03 1.338245615217139445e-04
1.607000000000000000e+03 1.341077554757307835e-04
1.608000000000000000e+03 1.343911933914100176e-04
1.609000000000000000e+03 1.346748563515228609e-04
1.610000000000000000e+03 1.349587256158413294e-04
1.611000000000000000e+03 1.352427824818884104e-04
1.612000000000000000e+03 1.355270085238581654e-04
1.613000000000000000e+03 1.358113856288135815e-04
1.614000000000000000e+03 1.360958959052701407e-04
1.615000000000000000e+03 1.363805214790420419e-04
1.616000000000000000e+03 1.366652448293125108e-04
1.617000000000000000e+03 1.369500487317038071e-04
1.618000000000000000e+03 1.372349161174600714e-04
1.619000000000000000e+03 1.375198301896431142e-04
1.620000000000000000e+03 1.378047743715207340e-04
1.621000000000000000e+03 1.380897323682423979e-04
1.622000000000000000e+03 1.383746883960061333e-04
1.623000000000000000e+03 1.386596265561798927e-04
1.624000000000000000e+03 1.389445316061797343e-04
1.625000000000000000e+03 1.392293881378421432e-04
1.626000000000000000e+03 1.395141815066993523e-04
1.627000000000000000e+03 1.397988972476843863e-04
1.628000000000000000e+03 1.400835209265985631e-04
1.629000000000000000e+03 1.403680388390207668e-04
1.630000000000000000e+03 1.406524373999787391e-04
1.631000000000000000e+03 1.409367033591475975e-04
1.632000000000000000e+03 1.412208238393303119e-04
1.633000000000000000e+03 1.415047861818224484e-04
1.634000000000000000e+03 1.417885783429730182e-04
1.635000000000000000e+03 1.420721882925353766e-04
1.636000000000000000e+03 1.423556046109238961e-04
1.637000000000000000e+03 1.426388160564361291e-04
1.638000000000000000e+03 1.429218118936392964e-04
1.639000000000000000e+03 1.432045814756584148e-04
1.640000000000000000e+03 1.434871149058198074e-04
1.641000000000000000e+03 1.437694023377953485e-04
1.642000000000000000e+03 1.440514345123671881e-04
1.643000000000000000e+03 1.443332024698936497e-04
1.644000000000000000e+03 1.446146975105989160e-04
1.645000000000000000e+03 1.448959114843484483e-04
1.646000000000000000e+03 1.451768366181286501e-04
1.647000000000000000e+03 1.454574652733758031e-04
1.648000000000000000e+03 1.457377904876811761e-04
1.649000000000000000e+03 1.460178056918836199e-04
1.650000000000000000e+03 1.462975044320499350e-04
1.651000000000000000e+03 1.465768810220244463e-04
1.652000000000000000e+03 1.468559297930694307e-04
1.653000000000000000e+03 1.471346457620128644e-04
1.654000000000000000e+03 1.474130241480882798e-04
1.655000000000000000e+03 1.476910607287317825e-04
1.656000000000000000e+03 1.479687513959125351e-04
1.657000000000000000e+03 1.482460928335036779e-04
1.658000000000000000e+03 1.485230816603951487e-04
1.659000000000000000e+03 1.487997155359084881e-04
1.660000000000000000e+03 1.490759918183234931e-04
1.661000000000000000e+03 1.493519087729469640e-04
1.662000000000000000e+03 1.496274649252184641e-04
1.663000000000000000e+03 1.499026591206461807e-04
1.664000000000000000e+03 1.501774908318620613e-04
1.665000000000000000e+03 1.504519595809198371e-04
1.666000000000000000e+03 1.507260657346790728e-04
1.667000000000000000e+03 1.509998096612082455e-04
1.668000000000000000e+03 1.512731924527299405e-04
1.669000000000000000e+03 1.515462154042667320e-04
1.670000000000000000e+03 1.518188803874061135e-04
1.671000000000000000e+03 1.520911895376746766e-04
1.672000000000000000e+03 1.523631456530640232e-04
1.673000000000000000e+03 1.526347514056321491e-04
1.674000000000000000e+03 1.529060105875216797e-04
1.675000000000000000e+03 1.531769268240347134e-04
1.676000000000000000e+03 1.534475045233522645e-04
1.677000000000000000e+03 1.537177484279372386e-04
1.678000000000000000e+03 1.539876633989614035e-04
1.679000000000000000e+03 1.542572551243482802e-04
1.680000000000000000e+03 1.545265295052067887e-04
1.681000000000000000e+03 1.547954929813068702e-04
1.682000000000000000e+03 1.550641521764929015e-04
1.683000000000000000e+03 1.553325143290463627e-04
1.684000000000000000e+03 1.556005869641522105e-04
1.685000000000000000e+03 1.558683781179003047e-04
1.686000000000000000e+03 1.561358961424095821e-04
1.687000000000000000e+03 1.564031500045064832e-04
1.688000000000000000e+03 1.566701487227927642e-04
1.689000000000000000e+03 1.569369021161569116e-04
1.690000000000000000e+03 1.572034200698692622e-04
1.691000000000000000e+03 1.574697130876404560e-04
1.692000000000000000e+03 1.577357921317307265e-04
1.693000000000000000e+03 1.580016683062158490e-04
1.694000000000000000e+03 1.582673533463753739e-04
1.695000000000000000e+03 1.585328593137121664e-04
1.696000000000000000e+03 1.587981986693296648e-04
1.697000000000000000e+03 1.590633842723035169e-04
1.698000000000000000e+03 1.593284293732588478e-04
1.699000000000000000e+03 1.595933475802298991e-04
1.700000000000000000e+03 1.598581530030169671e-04
1.701000000000000000e+03 1.601228600096225266e-04
1.702000000000000000e+03 1.603874834890619996e-04
1.703000000000000000e+03 1.606520385489782247e-04
1.704000000000000000e+03 1.609165407530673941e-04
1.705000000000000000e+03 1.611810061085241553e-04
1.706000000000000000e+03 1.614454508771251016e-04
1.707000000000000000e+03 1.617098917753646869e-04
1.708000000000000000e+03 1.619743457550114319e-04
1.709000000000000000e+03 1.622388303237137439e-04
1.710000000000000000e+03 1.625033632033716878e-04
1.711000000000000000e+03 1.627679624698390387e-04
1.712000000000000000e+03 1.630326466273649007e-04
1.713000000000000000e+03 1.632974344517874443e-04
1.714000000000000000e+03 1.635623450886451496e-04
1.715000000000000000e+03 1.638273979924367927e-04
1.716000000000000000e+03 1.640926129741182820e-04
1.717000000000000000e+03 1.643580101261572378e-04
1.718000000000000000e+03 1.646236099004556321e-04
1.719000000000000000e+03 1.648894330110694509e-04
1.720000000000000000e+03 1.651555005014905672e-04
1.721000000000000000e+03 1.654218336964643360e-04
1.722000000000000000e+03 1.656884542194753628e-04
1.723000000000000000e+03 1.659553839506318601e-04
1.724000000000000000e+03 1.662226450715419948e-04
1.725000000000000000e+03 1.664902600016267417e-04
1.726000000000000000e+03 1.667582514520123474e-04
1.727000000000000000e+03 1.670266423555360276e-04
1.728000000000000000e+03 1.672954559003888685e-04
1.729000000000000000e+03 1.675647155038369890e-04
1.730000000000000000e+03 1.678344447893648239e-04
1.731000000000000000e+03 1.681046676388108830e-04
1.732000000000000000e+03 1.683754080940762319e-04
1.733000000000000000e+03 1.686466904378763844e-04
1.734000000000000000e+03 1.689185391011515215e-04
1.735000000000000000e+03 1.691909787318031204e-04
1.736000000000000000e+03 1.694640341058797168e-04
1.737000000000000000e+03 1.697377301980781278e-04
1.738000000000000000e+03 1.700120920990176056e-04
1.739000000000000000e+03 1.702871450681298223e-04
1.740000000000000000e+03 1.705629144635447346e-04
1.741000000000000000e+03 1.708394257882597887e-04
1.742000000000000000e+03 1.711167046242137056e-04
1.743000000000000000e+03 1.713947766857640764e-04
1.744000000000000000e+03 1.716736677239902027e-04
1.745000000000000000e+03 1.719534036250290685e-04
1.746000000000000000e+03 1.722340102601840916e-04
1.747000000000000000e+03 1.725155136348032934e-04
1.748000000000000000e+03 1.727979397115460508e-04
1.749000000000000000e+03 1.730813145480768265e-04
1.750000000000000000e+03 1.733656641597569538e-04
1.751000000000000000e+03 1.736510146282679791e-04
1.752000000000000000e+03 1.739373919590113480e-04
1.753000000000000000e+03 1.742248221974419158e-04
1.754000000000000000e+03 1.745133313036479011e-04
1.755000000000000000e+03 1.748029452350645884e-04
1.756000000000000000e+03 1.750936898534341958e-04
1.757000000000000000e+03 1.753855909855624238e-04
1.758000000000000000e+03 1.756786743441945194e-04
1.759000000000000000e+03 1.759729655704121069e-04
1.760000000000000000e+03 1.762684901711541140e-04
1.761000000000000000e+03 1.765652735697503773e-04
1.762000000000000000e+03 1.768633410134656521e-04
1.763000000000000000e+03 1.771627176393339941e-04
1.764000000000000000e+03 1.774634283903299555e-04
1.765000000000000000e+03 1.777654980735509933e-04
1.766000000000000000e+03 1.780689512780535657e-04
1.767000000000000000e+03 1.783738124274249573e-04
1.768000000000000000e+03 1.786801057030089172e-04
1.769000000000000000e+03 1.789878551027700312e-04
1.770000000000000000e+03 1.792970843506071753e-04
1.771000000000000000e+03 1.796078169643418017e-04
1.772000000000000000e+03 1.799200761674089400e-04
1.773000000000000000e+03 1.802338849460393203e-04
1.774000000000000000e+03 1.805492659724389334e-04
1.775000000000000000e+03 1.808662416575542505e-04
1.776000000000000000e+03 1.811848340794968001e-04
1.777000000000000000e+03 1.815050650301762219e-04
1.778000000000000000e+03 1.818269559460097731e-04
1.779000000000000000e+03 1.821505279581083121e-04
1.780000000000000000e+03 1.824758018193349985e-04
1.781000000000000000e+03 1.828027979594018179e-04
1.782000000000000000e+03 1.831315364086313316e-04
1.783000000000000000e+03 1.834620368563603975e-04
1.784000000000000000e+03 1.837943185736591069e-04
1.785000000000000000e+03 1.841284004739788041e-04
1.786000000000000000e+03 1.844643010351690023e-04
1.787000000000000000e+03 1.848020383635189286e-04
1.788000000000000000e+03 1.851416301103763601e-04
1.789000000000000000e+03 1.854830935428337837e-04
1.790000000000000000e+03 1.858264454598436736e-04
1.791000000000000000e+03 1.861717022610489582e-04
1.792000000000000000e+03 1.865188798660864485e-04
1.793000000000000000e+03 1.868679937828364706e-04
1.794000000000000000e+03 1.872190590275804828e-04
1.795000000000000000e+03 1.875720901939517530e-04
1.796000000000000000e+03 1.879271013730278428e-04
1.797000000000000000e+03 1.882841062237869433e-04
1.798000000000000000e+03 1.886431178922291850e-04
1.799000000000000000e+03 1.890041490838897595e-04
1.800000000000000000e+03 1.893672119824661314e-04
1.801000000000000000e+03 1.897323183223720885e-04
1.802000000000000000e+03 1.900994793075470456e-04
1.803000000000000000e+03 1.904687056866445432e-04
1.804000000000000000e+03 1.908400076691521064e-04
1.805000000000000000e+03 1.912133950022095168e-04
1.806000000000000000e+03 1.915888768862850425e-04
1.807000000000000000e+03 1.919664620546671628e-04
1.808000000000000000e+03 1.923461586860884711e-04
1.809000000000000000e+03 1.927279744869053811e-04
1.810000000000000000e+03 1.931119166017745037e-04
1.811000000000000000e+03 1.934979916990753107e-04
1.812000000000000000e+03 1.938862058789334421e-04
1.813000000000000000e+03 1.942765647613797059e-04
1.814000000000000000e+03 1.946690733925966223e-04
1.815000000000000000e+03 1.950637363354386258e-04
1.816000000000000000e+03 1.954605575741511587e-04
1.817000000000000000e+03 1.958595406072438628e-04
1.818000000000000000e+03 1.962606883503245430e-04
1.819000000000000000e+03 1.966640032323076909e-04
1.820000000000000000e+03 1.970694870956233777e-04
1.821000000000000000e+03 1.974771412955150763e-04
1.822000000000000000e+03 1.978869665996473915e-04
1.823000000000000000e+03 1.982989632881320861e-04
1.824000000000000000e+03 1.987131310520137163e-04
1.825000000000000000e+03 1.991294690978610165e-04
1.826000000000000000e+03 1.995479760440174515e-04
1.827000000000000000e+03 1.999686500254199315e-04
1.828000000000000000e+03 2.003914885901751945e-04
1.829000000000000000e+03 2.008164888121607343e-04
1.830000000000000000e+03 2.012436471775412507e-04
1.831000000000000000e+03 2.016729597029137265e-04
1.832000000000000000e+03 2.021044218219135414e-04
1.833000000000000000e+03 2.025380285113985554e-04
1.834000000000000000e+03 2.029737741653886245e-04
1.835000000000000000e+03 2.034116527332090305e-04
1.836000000000000000e+03 2.038516575882167456e-04
1.837000000000000000e+03 2.042937816652347133e-04
1.838000000000000000e+03 2.047380173410840169e-04
1.839000000000000000e+03 2.051843565572988154e-04
1.840000000000000000e+03 2.056327907128076748e-04
1.841000000000000000e+03 2.060833107819404642e-04
1.842000000000000000e+03 2.065359072180389063e-04
1.843000000000000000e+03 2.069905700483607781e-04
1.844000000000000000e+03 2.074472887980136147e-04
1.845000000000000000e+03 2.079060525952870916e-04
1.846000000000000000e+03 2.083668500671403533e-04
1.847000000000000000e+03 2.088296694725340255e-04
1.848000000000000000e+03 2.092944985793995327e-04
1.849000000000000000e+03 2.097613247987580520e-04
1.850000000000000000e+03 2.102301350847084996e-04
1.851000000000000000e+03 2.107009160533095408e-04
1.852000000000000000e+03 2.111736538679899911e-04
1.853000000000000000e+03 2.116483343889147956e-04
1.854000000000000000e+03 2.121249430385803891e-04
1.855000000000000000e+03 2.126034649651699739e-04
1.856000000000000000e+03 2.130838849045239034e-04
1.857000000000000000e+03 2.135661873311581215e-04
1.858000000000000000e+03 2.140503563312374374e-04
1.859000000000000000e+03 2.145363757666971709e-04
1.860000000000000000e+03 2.150242291189628633e-04
1.861000000000000000e+03 2.155138996923799445e-04
1.862000000000000000e+03 2.160053704285520794e-04
1.863000000000000000e+03 2.164986240966973625e-04
1.864000000000000000e+03 2.169936431573841356e-04
1.865000000000000000e+03 2.174904099200783024e-04
1.866000000000000000e+03 2.179889064056278686e-04
1.867000000000000000e+03 2.184891145259456268e-04
1.868000000000000000e+03 2.189910159219049393e-04
1.869000000000000000e+03 2.194945921430006038e-04
1.870000000000000000e+03 2.199998245172403639e-04
1.871000000000000000e+03 2.205066943158045633e-04
1.872000000000000000e+03 2.210151825985355730e-04
1.873000000000000000e+03 2.215252704094660633e-04
1.874000000000000000e+03 2.220369385944715942e-04
1.875000000000000000e+03 2.225501680373416253e-04
1.876000000000000000e+03 2.230649394358966457e-04
1.877000000000000000e+03 2.235812335688822387e-04
1.878000000000000000e+03 2.240990310575189260e-04
1.879000000000000000e+03 2.246183126245253846e-04
1.880000000000000000e+03 2.251390588802128668e-04
1.881000000000000000e+03 2.256612505562466690e-04
1.882000000000000000e+03 2.261848683096169045e-04
1.883000000000000000e+03 2.267098929391389312e-04
1.884000000000000000e+03 2.272363052033694853e-04
1.885000000000000000e+03 2.277640860415892823e-04
1.886000000000000000e+03 2.282932163738678698e-04
1.887000000000000000e+03 2.288236773270060204e-04
1.888000000000000000e+03 2.293554500457679207e-04
1.889000000000000000e+03 2.298885159050190142e-04
1.890000000000000000e+03 2.304228563344592183e-04
1.891000000000000000e+03 2.309584530141775690e-04
1.892000000000000000e+03 2.314952877100128696e-04
1.893000000000000000e+03 2.320333424694608093e-04
1.894000000000000000e+03 2.325725994405047296e-04
1.895000000000000000e+03 2.331130411020643678e-04
1.896000000000000000e+03 2.336546500424406612e-04
1.897000000000000000e+03 2.341974092072580927e-04
1.898000000000000000e+03 2.347413016893112631e-04
1.899000000000000000e+03 2.352863109543856096e-04
1.900000000000000000e+03 2.358324206415614874e-04
1.901000000000000000e+03 2.363796147840740395e-04
1.902000000000000000e+03 2.369278776146909382e-04
1.903000000000000000e+03 2.374771937868716575e-04
1.904000000000000000e+03 2.380275481688856934e-04
1.905000000000000000e+03 2.385789260748495417e-04
1.906000000000000000e+03 2.391313130504348430e-04
1.907000000000000000e+03 2.396846951119633413e-04
1.908000000000000000e+03 2.402390585225473241e-04
1.909000000000000000e+03 2.407943900380918431e-04
1.910000000000000000e+03 2.413506766748228490e-04
1.911000000000000000e+03 2.419079059637575726e-04
1.912000000000000000e+03 2.424660657078220424e-04
1.913000000000000000e+03 2.430251442435968964e-04
1.914000000000000000e+03 2.435851301926959724e-04
1.915000000000000000e+03 2.441460127252584995e-04
1.916000000000000000e+03 2.447077813084069017e-04
1.917000000000000000e+03 2.452704259727370249e-04
1.918000000000000000e+03 2.458339370552241484e-04
1.919000000000000000e+03 2.463983054701544828e-04
1.920000000000000000e+03 2.469635224435329885e-04
1.921000000000000000e+03 2.475295797915368513e-04
1.922000000000000000e+03 2.480964696481960429e-04
1.923000000000000000e+03 2.486641847473698578e-04
1.924000000000000000e+03 2.492327181453798620e-04
1.925000000000000000e+03 2.498020635070434601e-04
1.926000000000000000e+03 2.503722148218249957e-04
1.927000000000000000e+03 2.509431666948023294e-04
1.928000000000000000e+03 2.515149140578358143e-04
1.929000000000000000e+03 2.520874524639463155e-04
1.930000000000000000e+03 2.526607777925686158e-04
1.931000000000000000e+03 2.532348865476636993e-04
1.932000000000000000e+03 2.538097755573238425e-04
1.933000000000000000e+03 2.543854422763925228e-04
1.934000000000000000e+03 2.549618844812665485e-04
1.935000000000000000e+03 2.555391005782499869e-04
1.936000000000000000e+03 2.561170892908126327e-04
1.937000000000000000e+03 2.566958499715602925e-04
1.938000000000000000e+03 2.572753822840914868e-04
1.939000000000000000e+03 2.578556865205341910e-04
1.940000000000000000e+03 2.584367632795760627e-04
1.941000000000000000e+03 2.590186137852545749e-04
1.942000000000000000e+03 2.596012395585217116e-04
1.943000000000000000e+03 2.601846427432663806e-04
1.944000000000000000e+03 2.607688257705003537e-04
1.945000000000000000e+03 2.613537916908987950e-04
1.946000000000000000e+03 2.619395438328018036e-04
1.947000000000000000e+03 2.625260861374099355e-04
1.948000000000000000e+03 2.631134228142016597e-04
1.949000000000000000e+03 2.637015586800275620e-04
1.950000000000000000e+03 2.642904988072866321e-04
1.951000000000000000e+03 2.648802488736283012e-04
1.952000000000000000e+03 2.654708148022859359e-04
1.953000000000000000e+03 2.660622031160236899e-04
1.954000000000000000e+03 2.666544205662686176e-04
1.955000000000000000e+03 2.672474744980031969e-04
1.956000000000000000e+03 2.678413724719816967e-04
1.957000000000000000e+03 2.684361226342088210e-04
1.958000000000000000e+03 2.690317333342108269e-04
1.959000000000000000e+03 2.696282134913641280e-04
1.960000000000000000e+03 2.702255722095466407e-04
1.961000000000000000e+03 2.708238191571025609e-04
1.962000000000000000e+03 2.714229641724846408e-04
1.963000000000000000e+03 2.720230176483566065e-04
1.964000000000000000e+03 2.726239901307172110e-04
1.965000000000000000e+03 2.732258927140173333e-04
1.966000000000000000e+03 2.738287366531246166e-04
1.967000000000000000e+03 2.744325337798801776e-04
1.968000000000000000e+03 2.750372960897796504e-04
1.969000000000000000e+03 2.756430361391172014e-04
1.970000000000000000e+03 2.762497666092294970e-04
1.971000000000000000e+03 2.768575006943999853e-04
1.972000000000000000e+03 2.774662516775780593e-04
1.973000000000000000e+03 2.780760333511040901e-04
1.974000000000000000e+03 2.786868595927206199e-04
1.975000000000000000e+03 2.792987447683099389e-04
1.976000000000000000e+03 2.799117032327615032e-04
1.977000000000000000e+03 2.805257496633721255e-04
1.978000000000000000e+03 2.811408985793145622e-04
1.979000000000000000e+03 2.817571648931354342e-04
1.980000000000000000e+03 2.823745637157393479e-04
1.981000000000000000e+03 2.829931110502695042e-04
1.982000000000000000e+03 2.836128233438599765e-04
1.983000000000000000e+03 2.842337176656683758e-04
1.984000000000000000e+03 2.848558107371741547e-04
1.985000000000000000e+03 2.854791190897742787e-04
1.986000000000000000e+03 2.861036590480100757e-04
1.987000000000000000e+03 2.867294482505103304e-04
1.988000000000000000e+03 2.873565054387173059e-04
1.989000000000000000e+03 2.879848502653044253e-04
1.990000000000000000e+03 2.886145019515095169e-04
1.991000000000000000e+03 2.892454792773860479e-04
1.992000000000000000e+03 2.898778009858114400e-04
1.993000000000000000e+03 2.905114872430402642e-04
1.994000000000000000e+03 2.911465578879598353e-04
1.995000000000000000e+03 2.917830321386651504e-04
1.996000000000000000e+03 2.924209281330705573e-04
1.997000000000000000e+03 2.930602637918961395e-04
1.998000000000000000e+03 2.937010566927665284e-04
1.999000000000000000e+03 2.943433249517097162e-04
2.000000000000000000e+03 2.949870864942699439e-04
