2.000000000000000000e+00 2.514211007278658182e-07
3.000000000000000000e+00 2.294551482825058363e-07
4.000000000000000000e+00 2.217221147266390938e-07
5.000000000000000000e+00 2.180666620304605303e-07
6.000000000000000000e+00 2.160471461529460153e-07
7.000000000000000000e+00 2.148222557054688748e-07
8.000000000000000000e+00 2.140294611383307721e-07
9.000000000000000000e+00 2.134963064169978335e-07
1.000000000000000000e+01 2.131268575041093663e-07
1.100000000000000000e+01 2.128689344739263663e-07
1.200000000000000000e+01 2.126877793964790471e-07
1.300000000000000000e+01 2.125640007171772610e-07
1.400000000000000000e+01 2.124822004641979249e-07
1.500000000000000000e+01 2.124341429296880043e-07
1.600000000000000000e+01 2.124118781601325223e-07
1.700000000000000000e+01 2.124117637307530554e-07
1.800000000000000000e+01 2.124290975252755017e-07
1.900000000000000000e+01 2.124622381659744682e-07
2.000000000000000000e+01 2.125082388237400467e-07
2.100000000000000000e+01 2.125664375248298423e-07
2.200000000000000000e+01 2.126347473295923319e-07
2.300000000000000000e+01 2.127130661594259025e-07
2.400000000000000000e+01 2.127997801611819217e-07
2.500000000000000000e+01 2.128950719976729073e-07
2.600000000000000000e+01 2.129977203179963939e-07
2.700000000000000000e+01 2.131079793211248891e-07
2.800000000000000000e+01 2.132248617736764303e-07
2.900000000000000000e+01 2.133487195600447380e-07
3.000000000000000000e+01 2.134787162387787508e-07
3.100000000000000000e+01 2.136152477926814305e-07
3.200000000000000000e+01 2.137575549855427105e-07
3.300000000000000000e+01 2.139060842313855752e-07
3.400000000000000000e+01 2.140601484531827503e-07
3.500000000000000000e+01 2.142201816212112007e-07
3.600000000000000000e+01 2.143856077537153823e-07
3.700000000000000000e+01 2.145568268335512376e-07
3.800000000000000000e+01 2.147333018956542807e-07
3.900000000000000000e+01 2.149154660031306458e-07
4.000000000000000000e+01 2.151027949827235865e-07
4.100000000000000000e+01 2.152957240730035751e-07
4.200000000000000000e+01 2.154937759965561148e-07
4.300000000000000000e+01 2.156973353310812504e-07
4.400000000000000000e+01 2.159059791790617107e-07
4.500000000000000000e+01 2.161200904433434647e-07
4.600000000000000000e+01 2.163392571732264649e-07
4.700000000000000000e+01 2.165638732302216447e-07
4.800000000000000000e+01 2.167935232068047012e-07
4.900000000000000000e+01 2.170285983780873983e-07
5.000000000000000000e+01 2.172687128332414764e-07
5.100000000000000000e+01 2.175142311383072079e-07
5.200000000000000000e+01 2.177647865702932373e-07
5.300000000000000000e+01 2.180207479688946238e-07
5.400000000000000000e+01 2.182817639447839997e-07
5.500000000000000000e+01 2.185481790680418060e-07
5.600000000000000000e+01 2.188196558523640825e-07
5.700000000000000000e+01 2.190965622826505989e-07
5.800000000000000000e+01 2.193785537204726873e-07
5.900000000000000000e+01 2.196659644452581201e-07
6.000000000000000000e+01 2.199584909343637058e-07
6.100000000000000000e+01 2.202564511839167455e-07
6.200000000000000000e+01 2.205595618843969272e-07
6.300000000000000000e+01 2.208681285161338658e-07
6.400000000000000000e+01 2.211818652249284757e-07
6.500000000000000000e+01 2.215011029159571750e-07
6.600000000000000000e+01 2.218255426287229339e-07
6.700000000000000000e+01 2.221555032620299512e-07
6.800000000000000000e+01 2.224907024311155581e-07
6.900000000000000000e+01 2.228314527395400099e-07
7.000000000000000000e+01 2.231774808159629926e-07
7.100000000000000000e+01 2.235290934976008960e-07
7.200000000000000000e+01 2.238860249223996144e-07
7.300000000000000000e+01 2.242485936425336416e-07
7.400000000000000000e+01 2.246165229957798129e-07
7.500000000000000000e+01 2.249901167484058625e-07
7.600000000000000000e+01 2.253691142885285398e-07
7.700000000000000000e+01 2.257538120976029223e-07
7.800000000000000000e+01 2.261439747597604973e-07
7.900000000000000000e+01 2.265398754322817679e-07
8.000000000000000000e+01 2.269412929110648206e-07
8.100000000000000000e+01 2.273484875374255422e-07
8.200000000000000000e+01 2.277612489329068912e-07
8.300000000000000000e+01 2.281798446100299645e-07
8.400000000000000000e+01 2.286040557924548172e-07
8.500000000000000000e+01 2.290341495808353165e-07
8.600000000000000000e+01 2.294699073022246208e-07
8.700000000000000000e+01 2.299115941112159924e-07
8.800000000000000000e+01 2.303589931261988095e-07
8.900000000000000000e+01 2.308123838662084782e-07
9.000000000000000000e+01 2.312715347002238584e-07
9.100000000000000000e+01 2.317367302273244846e-07
9.200000000000000000e+01 2.322077503829258378e-07
9.300000000000000000e+01 2.326848653275180561e-07
9.400000000000000000e+01 2.331678766819304108e-07
9.500000000000000000e+01 2.336570313884958095e-07
9.600000000000000000e+01 2.341521258418044723e-07
9.700000000000000000e+01 2.346534283960587039e-07
9.800000000000000000e+01 2.351607360456245222e-07
9.900000000000000000e+01 2.356743065352386319e-07
1.000000000000000000e+02 2.361939385959366382e-07
1.010000000000000000e+02 2.367198855645865002e-07
1.020000000000000000e+02 2.372519480397702971e-07
1.030000000000000000e+02 2.377903926365708624e-07
1.040000000000000000e+02 2.383350050891675964e-07
1.050000000000000000e+02 2.388860567378912470e-07
1.060000000000000000e+02 2.394433441651618816e-07
1.070000000000000000e+02 2.400071245805242870e-07
1.080000000000000000e+02 2.405771988069893599e-07
1.090000000000000000e+02 2.411538180638691875e-07
1.100000000000000000e+02 2.417367861525448971e-07
1.110000000000000000e+02 2.423263501619829491e-07
1.120000000000000000e+02 2.429223328528724417e-07
1.130000000000000000e+02 2.435249612374252370e-07
1.140000000000000000e+02 2.441340678310922495e-07
1.150000000000000000e+02 2.447498856111724121e-07
1.160000000000000000e+02 2.453722375743008795e-07
1.170000000000000000e+02 2.460013401246006603e-07
1.180000000000000000e+02 2.466370309960827044e-07
1.190000000000000000e+02 2.472795343215689431e-07
1.200000000000000000e+02 2.479286784409777330e-07
1.210000000000000000e+02 2.485846885854882102e-07
1.220000000000000000e+02 2.492473743826979974e-07
1.230000000000000000e+02 2.499169775593150686e-07
1.240000000000000000e+02 2.505933154659945180e-07
1.250000000000000000e+02 2.512766204846793252e-07
1.260000000000000000e+02 2.519666954880488708e-07
1.270000000000000000e+02 2.526637863502946673e-07
1.280000000000000000e+02 2.533677055796805347e-07
1.290000000000000000e+02 2.540786720255826809e-07
1.300000000000000000e+02 2.547965012599490033e-07
1.310000000000000000e+02 2.555214171242538102e-07
1.320000000000000000e+02 2.562532531299617239e-07
1.330000000000000000e+02 2.569922002096383915e-07
1.340000000000000000e+02 2.577381008198401922e-07
1.350000000000000000e+02 2.584911623221201319e-07
1.360000000000000000e+02 2.592512008900738750e-07
1.370000000000000000e+02 2.600184276280218649e-07
1.380000000000000000e+02 2.607926645092852532e-07
1.390000000000000000e+02 2.615741079506160253e-07
1.400000000000000000e+02 2.623625969008835120e-07
1.410000000000000000e+02 2.631583046864875109e-07
1.420000000000000000e+02 2.639610781083986530e-07
1.430000000000000000e+02 2.647710939154254071e-07
1.440000000000000000e+02 2.655881881400602621e-07
1.450000000000000000e+02 2.664125516057978618e-07
1.460000000000000000e+02 2.672440007567640710e-07
1.470000000000000000e+02 2.680827156250006815e-07
1.480000000000000000e+02 2.689285190812600407e-07
1.490000000000000000e+02 2.697816025083934222e-07
1.500000000000000000e+02 2.706417733421779308e-07
1.510000000000000000e+02 2.715092270810976102e-07
1.520000000000000000e+02 2.723837634069660318e-07
1.530000000000000000e+02 2.732655644381479222e-07
1.540000000000000000e+02 2.741544399029171755e-07
1.550000000000000000e+02 2.750505818609479064e-07
1.560000000000000000e+02 2.759537709434973971e-07
1.570000000000000000e+02 2.768642026737741066e-07
1.580000000000000000e+02 2.777816594972715757e-07
1.590000000000000000e+02 2.787063389200689881e-07
1.600000000000000000e+02 2.796380204205303107e-07
1.610000000000000000e+02 2.805768871394312833e-07
1.620000000000000000e+02 2.815227153531947371e-07
1.630000000000000000e+02 2.824756973832376552e-07
1.640000000000000000e+02 2.834355905824465288e-07
1.650000000000000000e+02 2.844025901401750629e-07
1.660000000000000000e+02 2.853764583335889387e-07
1.670000000000000000e+02 2.863573763537931570e-07
1.680000000000000000e+02 2.873450899845302853e-07
1.690000000000000000e+02 2.883397896213975335e-07
1.700000000000000000e+02 2.893412271046363353e-07
1.710000000000000000e+02 2.903495800982034789e-07
1.720000000000000000e+02 2.913646001364670071e-07
1.730000000000000000e+02 2.923864590187520447e-07
1.740000000000000000e+02 2.934149067576462886e-07
1.750000000000000000e+02 2.944500954901229294e-07
1.760000000000000000e+02 2.954917732887541475e-07
1.770000000000000000e+02 2.965400967377122393e-07
1.780000000000000000e+02 2.975948268148724196e-07
1.790000000000000000e+02 2.986560884339450367e-07
1.800000000000000000e+02 2.997236474330051296e-07
1.810000000000000000e+02 3.007976123857877865e-07
1.820000000000000000e+02 3.018777517681158885e-07
1.830000000000000000e+02 3.029641920304762129e-07
1.840000000000000000e+02 3.040566576113167879e-07
1.850000000000000000e+02 3.051552943357289098e-07
1.860000000000000000e+02 3.062598205885395349e-07
1.870000000000000000e+02 3.073703757895863415e-07
1.880000000000000000e+02 3.084866699846755549e-07
1.890000000000000000e+02 3.096088259675876033e-07
1.900000000000000000e+02 3.107365611301529196e-07
1.910000000000000000e+02 3.118700047323989632e-07
1.920000000000000000e+02 3.130088592587614304e-07
1.930000000000000000e+02 3.141532398417023977e-07
1.940000000000000000e+02 3.153028404128218916e-07
1.950000000000000000e+02 3.164577983852723759e-07
1.960000000000000000e+02 3.176177706777904358e-07
1.970000000000000000e+02 3.187829032396110578e-07
1.980000000000000000e+02 3.199528615794767377e-07
1.990000000000000000e+02 3.211277673925520895e-07
2.000000000000000000e+02 3.223072838649513698e-07
2.010000000000000000e+02 3.234915223261117170e-07
2.020000000000000000e+02 3.246801420312097812e-07
2.030000000000000000e+02 3.258732615758753765e-07
2.040000000000000000e+02 3.270705356851173170e-07
2.050000000000000000e+02 3.282720548741543073e-07
2.060000000000000000e+02 3.294774838084097119e-07
2.070000000000000000e+02 3.306869134444542054e-07
2.080000000000000000e+02 3.318999817380482732e-07
2.090000000000000000e+02 3.331167905762886167e-07
2.100000000000000000e+02 3.343369787315779734e-07
2.110000000000000000e+02 3.355606224581092478e-07
2.120000000000000000e+02 3.367873712289917368e-07
2.130000000000000000e+02 3.380172888885874450e-07
2.140000000000000000e+02 3.392500132808567672e-07
2.150000000000000000e+02 3.404856132958613770e-07
2.160000000000000000e+02 3.417237347624529598e-07
2.170000000000000000e+02 3.429644171997829681e-07
2.180000000000000000e+02 3.442073080835342953e-07
2.190000000000000000e+02 3.454524456963419626e-07
2.200000000000000000e+02 3.466994634863335075e-07
2.210000000000000000e+02 3.479484089099564153e-07
2.220000000000000000e+02 3.491989079595032352e-07
2.230000000000000000e+02 3.504509959357698933e-07
2.240000000000000000e+02 3.517042929270143619e-07
2.250000000000000000e+02 3.529588418827576039e-07
2.260000000000000000e+02 3.542142437085284814e-07
2.270000000000000000e+02 3.554705430949729906e-07
2.280000000000000000e+02 3.567273434403206962e-07
2.290000000000000000e+02 3.579846761010593438e-07
2.300000000000000000e+02 3.592421420566637188e-07
2.310000000000000000e+02 3.604997661889134177e-07
2.320000000000000000e+02 3.617571464755551090e-07
2.330000000000000000e+02 3.630143168241211350e-07
2.340000000000000000e+02 3.642708583983742669e-07
2.350000000000000000e+02 3.655268079667706656e-07
2.360000000000000000e+02 3.667817371714824626e-07
2.370000000000000000e+02 3.680356845178750103e-07
2.380000000000000000e+02 3.692882277486893192e-07
2.390000000000000000e+02 3.705393930962183401e-07
2.400000000000000000e+02 3.717887450478113798e-07
2.410000000000000000e+02 3.730363316176637728e-07
2.420000000000000000e+02 3.742816965386518077e-07
2.430000000000000000e+02 3.755248840485264633e-07
2.440000000000000000e+02 3.767654526089998255e-07
2.450000000000000000e+02 3.780034336164147104e-07
2.460000000000000000e+02 3.792383758301178396e-07
2.470000000000000000e+02 3.804703188631537912e-07
2.480000000000000000e+02 3.816988200042666549e-07
2.490000000000000000e+02 3.829239090254856157e-07
2.500000000000000000e+02 3.841451329044248082e-07
2.510000000000000000e+02 3.853625311437008605e-07
2.520000000000000000e+02 3.865756593231773087e-07
2.530000000000000000e+02 3.877845484247070076e-07
2.540000000000000000e+02 3.889887573242536175e-07
2.550000000000000000e+02 3.901883145820466311e-07
2.560000000000000000e+02 3.913827815436741102e-07
2.570000000000000000e+02 3.925721859843022191e-07
2.580000000000000000e+02 3.937560915366134325e-07
2.590000000000000000e+02 3.949345262026303552e-07
2.600000000000000000e+02 3.961070559533100940e-07
2.610000000000000000e+02 3.972737097833202052e-07
2.620000000000000000e+02 3.984340561741411306e-07
2.630000000000000000e+02 3.995881384366368705e-07
2.640000000000000000e+02 4.007355150773670465e-07
2.650000000000000000e+02 4.018762377367006103e-07
2.660000000000000000e+02 4.030098618477438517e-07
2.670000000000000000e+02 4.041364587016533807e-07
2.680000000000000000e+02 4.052555701232798630e-07
2.690000000000000000e+02 4.063672802253356307e-07
2.700000000000000000e+02 4.074711373065756644e-07
2.710000000000000000e+02 4.085672240986817738e-07
2.720000000000000000e+02 4.096551038437455604e-07
2.730000000000000000e+02 4.107348511972967842e-07
2.740000000000000000e+02 4.118060379372399480e-07
2.750000000000000000e+02 4.128687383010700180e-07
2.760000000000000000e+02 4.139225434038783886e-07
2.770000000000000000e+02 4.149675412652513219e-07
2.780000000000000000e+02 4.160033114558175054e-07
2.790000000000000000e+02 4.170299508691022319e-07
2.800000000000000000e+02 4.180470503162178411e-07
2.810000000000000000e+02 4.190547147386958294e-07
2.820000000000000000e+02 4.200525423664032810e-07
2.830000000000000000e+02 4.210406460043740560e-07
2.840000000000000000e+02 4.220186309318055628e-07
2.850000000000000000e+02 4.229866061469273156e-07
2.860000000000000000e+02 4.239441957190445156e-07
2.870000000000000000e+02 4.248915225328939477e-07
2.880000000000000000e+02 4.258282118209606553e-07
2.890000000000000000e+02 4.267544074592227555e-07
2.900000000000000000e+02 4.276697289376591563e-07
2.910000000000000000e+02 4.285743231557897842e-07
2.920000000000000000e+02 4.294678335152677916e-07
2.930000000000000000e+02 4.303504140041883713e-07
2.940000000000000000e+02 4.312217219601298605e-07
2.950000000000000000e+02 4.320819079260882504e-07
2.960000000000000000e+02 4.329306412869965161e-07
2.970000000000000000e+02 4.337680863396410389e-07
2.980000000000000000e+02 4.345939235617818627e-07
2.990000000000000000e+02 4.354083267971864032e-07
3.000000000000000000e+02 4.362109870839364057e-07
3.010000000000000000e+02 4.370020979526533424e-07
3.020000000000000000e+02 4.377813389818807807e-07
3.030000000000000000e+02 4.385489283097568736e-07
3.040000000000000000e+02 4.393045558160075357e-07
3.050000000000000000e+02 4.400484462020377403e-07
3.060000000000000000e+02 4.407802968027796799e-07
3.070000000000000000e+02 4.415003421292786676e-07
3.080000000000000000e+02 4.422082973186204464e-07
3.090000000000000000e+02 4.429044066599234457e-07
3.100000000000000000e+02 4.435883975621137473e-07
3.110000000000000000e+02 4.442605237822217187e-07
3.120000000000000000e+02 4.449205235697894097e-07
3.130000000000000000e+02 4.455686496499342650e-07
3.140000000000000000e+02 4.462046606379729091e-07
3.150000000000000000e+02 4.468288232715287497e-07
3.160000000000000000e+02 4.474409004972596624e-07
3.170000000000000000e+02 4.480411688375493370e-07
3.180000000000000000e+02 4.486293990708242411e-07
3.190000000000000000e+02 4.492058863896851199e-07
3.200000000000000000e+02 4.497704095617865403e-07
3.210000000000000000e+02 4.503232668099267770e-07
3.220000000000000000e+02 4.508642545894108159e-07
3.230000000000000000e+02 4.513936773722332525e-07
3.240000000000000000e+02 4.519113439257964526e-07
3.250000000000000000e+02 4.524175556083860156e-07
3.260000000000000000e+02 4.529121415158674515e-07
3.270000000000000000e+02 4.533954235182651460e-07
3.280000000000000000e+02 4.538672260073812266e-07
3.290000000000000000e+02 4.543278824943076350e-07
3.300000000000000000e+02 4.547772205906571710e-07
3.310000000000000000e+02 4.552155832213550017e-07
3.320000000000000000e+02 4.556428207941388975e-07
3.330000000000000000e+02 4.560592750115264104e-07
3.340000000000000000e+02 4.564648006714654047e-07
3.350000000000000000e+02 4.568597512473288819e-07
3.360000000000000000e+02 4.572439881510370893e-07
3.370000000000000000e+02 4.576178723009956997e-07
3.380000000000000000e+02 4.579812803585917290e-07
3.390000000000000000e+02 4.583345704834804866e-07
3.400000000000000000e+02 4.586776295664517519e-07
3.410000000000000000e+02 4.590108255026844680e-07
3.420000000000000000e+02 4.593340450286049181e-07
3.430000000000000000e+02 4.596476703317250301e-07
3.440000000000000000e+02 4.599515914089130302e-07
3.450000000000000000e+02 4.602461904714189447e-07
3.460000000000000000e+02 4.605313696621416408e-07
3.470000000000000000e+02 4.608075220374135173e-07
3.480000000000000000e+02 4.610745488254656546e-07
3.490000000000000000e+02 4.613328494385106780e-07
3.500000000000000000e+02 4.615823354376051539e-07
3.510000000000000000e+02 4.618234027647701609e-07
3.520000000000000000e+02 4.620559692767446544e-07
3.530000000000000000e+02 4.622804388807456873e-07
3.540000000000000000e+02 4.624967263398596889e-07
3.550000000000000000e+02 4.627052476208908295e-07
3.560000000000000000e+02 4.629059177550890224e-07
3.570000000000000000e+02 4.630991592632826993e-07
3.580000000000000000e+02 4.632848878904994449e-07
3.590000000000000000e+02 4.634635307659778657e-07
3.600000000000000000e+02 4.636350043614542340e-07
3.610000000000000000e+02 4.637997391716962421e-07
3.620000000000000000e+02 4.639576599594250724e-07
3.630000000000000000e+02 4.641091918867092625e-07
3.640000000000000000e+02 4.642542714000794687e-07
3.650000000000000000e+02 4.643933139567504404e-07
3.660000000000000000e+02 4.645262624626246043e-07
3.670000000000000000e+02 4.646535420392320837e-07
3.680000000000000000e+02 4.647750851619185751e-07
3.690000000000000000e+02 4.648913272139568418e-07
3.700000000000000000e+02 4.650021969494422151e-07
3.710000000000000000e+02 4.651081270686513278e-07
3.720000000000000000e+02 4.652090584747699001e-07
3.730000000000000000e+02 4.653054156896754741e-07
3.740000000000000000e+02 4.653971445038797713e-07
3.750000000000000000e+02 4.654846649140513993e-07
3.760000000000000000e+02 4.655679257309436370e-07
3.770000000000000000e+02 4.656473501658198943e-07
3.780000000000000000e+02 4.657228818877297958e-07
3.790000000000000000e+02 4.657949507931406880e-07
3.800000000000000000e+02 4.658634983643537110e-07
3.810000000000000000e+02 4.659289425663532979e-07
3.820000000000000000e+02 4.659912371181643714e-07
3.830000000000000000e+02 4.660507937584553625e-07
3.840000000000000000e+02 4.661075643084940453e-07
3.850000000000000000e+02 4.661619689733452320e-07
3.860000000000000000e+02 4.662139524151021868e-07
3.870000000000000000e+02 4.662639229652781449e-07
3.880000000000000000e+02 4.663118351888526500e-07
3.890000000000000000e+02 4.663580975233727450e-07
3.900000000000000000e+02 4.664026612636482282e-07
3.910000000000000000e+02 4.664459257721937607e-07
3.920000000000000000e+02 4.664878476525871263e-07
3.930000000000000000e+02 4.665288266208249229e-07
3.940000000000000000e+02 4.665688145504567626e-07
3.950000000000000000e+02 4.666082086680232063e-07
3.960000000000000000e+02 4.666469521113186788e-07
3.970000000000000000e+02 4.666854455109326553e-07
3.980000000000000000e+02 4.667236333074599199e-07
3.990000000000000000e+02 4.667619093615762580e-07
4.000000000000000000e+02 4.668002169853714406e-07
4.010000000000000000e+02 4.668389455542447871e-07
4.020000000000000000e+02 4.668780368198302509e-07
4.030000000000000000e+02 4.669178821983586467e-07
4.040000000000000000e+02 4.669584153599635534e-07
4.050000000000000000e+02 4.670000265437030650e-07
4.060000000000000000e+02 4.670426444850556814e-07
4.070000000000000000e+02 4.670866574278973069e-07
4.080000000000000000e+02 4.671319960634207605e-07
4.090000000000000000e+02 4.671790339139047339e-07
4.100000000000000000e+02 4.672277069516383652e-07
4.110000000000000000e+02 4.672783861200849274e-07
4.120000000000000000e+02 4.673310027780083101e-07
4.130000000000000000e+02 4.673859296163941948e-07
4.140000000000000000e+02 4.674430834311777499e-07
4.150000000000000000e+02 4.675028414590788936e-07
4.160000000000000000e+02 4.675651183526259267e-07
4.170000000000000000e+02 4.676302801107210987e-07
4.180000000000000000e+02 4.676982437879138773e-07
4.190000000000000000e+02 4.677693691474952234e-07
4.200000000000000000e+02 4.678435725986724840e-07
4.210000000000000000e+02 4.679212086431697574e-07
4.220000000000000000e+02 4.680021923807792335e-07
4.230000000000000000e+02 4.680868734786861552e-07
4.240000000000000000e+02 4.681751596972469921e-07
4.250000000000000000e+02 4.682674019093216250e-07
4.260000000000000000e+02 4.683635033759946378e-07
4.270000000000000000e+02 4.684638133627810500e-07
4.280000000000000000e+02 4.685682256645433380e-07
4.290000000000000000e+02 4.686770873715854195e-07
4.300000000000000000e+02 4.687902973607020154e-07
4.310000000000000000e+02 4.689081834373283595e-07
4.320000000000000000e+02 4.690306503887413115e-07
4.330000000000000000e+02 4.691580209229318286e-07
4.340000000000000000e+02 4.692901963025812504e-07
4.350000000000000000e+02 4.694274989735070550e-07
4.360000000000000000e+02 4.695698229107759136e-07
4.370000000000000000e+02 4.697174823910774127e-07
4.380000000000000000e+02 4.698703672136539157e-07
4.390000000000000000e+02 4.700287968415073882e-07
4.400000000000000000e+02 4.701926521786389726e-07
4.410000000000000000e+02 4.703622475132813554e-07
4.420000000000000000e+02 4.705374634790898143e-07
4.430000000000000000e+02 4.707186055757781545e-07
4.440000000000000000e+02 4.709055577167453595e-07
4.450000000000000000e+02 4.710986143446628725e-07
4.460000000000000000e+02 4.712976597569597513e-07
4.470000000000000000e+02 4.715029862599110928e-07
4.480000000000000000e+02 4.717144673059064100e-07
4.490000000000000000e+02 4.719323968280123732e-07
4.500000000000000000e+02 4.721566425880348449e-07
4.510000000000000000e+02 4.723874974359255953e-07
4.520000000000000000e+02 4.726248246865191801e-07
4.530000000000000000e+02 4.728689103855972852e-07
4.540000000000000000e+02 4.731196140848460927e-07
4.550000000000000000e+02 4.733772175491575430e-07
4.560000000000000000e+02 4.736415821055673767e-07
4.570000000000000000e+02 4.739129807317851649e-07
4.580000000000000000e+02 4.741912742022001604e-07
4.590000000000000000e+02 4.744767297254814335e-07
4.600000000000000000e+02 4.747692020284996140e-07
4.610000000000000000e+02 4.750689535467874999e-07
4.620000000000000000e+02 4.753758404640762325e-07
4.630000000000000000e+02 4.756901209681651224e-07
4.640000000000000000e+02 4.760116457243019202e-07
4.650000000000000000e+02 4.763406641310797406e-07
4.660000000000000000e+02 4.766770285955989689e-07
4.670000000000000000e+02 4.770209875682398343e-07
4.680000000000000000e+02 4.773723832772694137e-07
4.690000000000000000e+02 4.777314665609062776e-07
4.700000000000000000e+02 4.780980693023667371e-07
4.710000000000000000e+02 4.784724421259733206e-07
4.720000000000000000e+02 4.788544151601922516e-07
4.730000000000000000e+02 4.792442285158133457e-07
4.740000000000000000e+02 4.796417141995997631e-07
4.750000000000000000e+02 4.800471066327400152e-07
4.760000000000000000e+02 4.804602324624345109e-07
4.770000000000000000e+02 4.808813264460549032e-07
4.780000000000000000e+02 4.813102118665518002e-07
4.790000000000000000e+02 4.817471124293774008e-07
4.800000000000000000e+02 4.821918533613550586e-07
4.810000000000000000e+02 4.826446567741059925e-07
4.820000000000000000e+02 4.831053381303617246e-07
4.830000000000000000e+02 4.835741168154082676e-07
4.840000000000000000e+02 4.840508077021478681e-07
4.850000000000000000e+02 4.845356275006127131e-07
4.860000000000000000e+02 4.850283844353540342e-07
4.870000000000000000e+02 4.855292880598551518e-07
4.880000000000000000e+02 4.860381469912371049e-07
4.890000000000000000e+02 4.865551661887543290e-07
4.900000000000000000e+02 4.870801529212746044e-07
4.910000000000000000e+02 4.876133083178464590e-07
4.920000000000000000e+02 4.881544334256096250e-07
4.930000000000000000e+02 4.887037214191339519e-07
4.940000000000000000e+02 4.892609740686936452e-07
4.950000000000000000e+02 4.898263792934781028e-07
4.960000000000000000e+02 4.903997378132107061e-07
4.970000000000000000e+02 4.909812285775147141e-07
4.980000000000000000e+02 4.915706509894321320e-07
4.990000000000000000e+02 4.921681824502293670e-07
5.000000000000000000e+02 4.927736163930192369e-07
5.010000000000000000e+02 4.933871273173191954e-07
5.020000000000000000e+02 4.940085049636430077e-07
5.030000000000000000e+02 4.946379209270541743e-07
5.040000000000000000e+02 4.952751573346463393e-07
5.050000000000000000e+02 4.959203830315582467e-07
5.060000000000000000e+02 4.965733795994148633e-07
5.070000000000000000e+02 4.972343087920450735e-07
5.080000000000000000e+02 4.979029456599488007e-07
5.090000000000000000e+02 4.985794517763551173e-07
5.100000000000000000e+02 4.992635977635474844e-07
5.110000000000000000e+02 4.999555434316928464e-07
5.120000000000000000e+02 5.006550511129707216e-07
5.130000000000000000e+02 5.013622787012772538e-07
5.140000000000000000e+02 5.020769828100920048e-07
5.150000000000000000e+02 5.027993194136050702e-07
5.160000000000000000e+02 5.035290401789230259e-07
5.170000000000000000e+02 5.042662991999730669e-07
5.180000000000000000e+02 5.050108436286255889e-07
5.190000000000000000e+02 5.057628213543616463e-07
5.200000000000000000e+02 5.065219753198052596e-07
5.210000000000000000e+02 5.072884495067965646e-07
5.220000000000000000e+02 5.080619828626645179e-07
5.230000000000000000e+02 5.088427204161382500e-07
5.240000000000000000e+02 5.096303885920926227e-07
5.250000000000000000e+02 5.104251272849821212e-07
5.260000000000000000e+02 5.112266722640126030e-07
5.270000000000000000e+02 5.120351514834675174e-07
5.280000000000000000e+02 5.128503067633998139e-07
5.290000000000000000e+02 5.136722546566290368e-07
5.300000000000000000e+02 5.145007177732656568e-07
5.310000000000000000e+02 5.153358091837830133e-07
5.320000000000000000e+02 5.161772762570531904e-07
5.330000000000000000e+02 5.170252104843265107e-07
5.340000000000000000e+02 5.178793515300976805e-07
5.350000000000000000e+02 5.187397953534455100e-07
5.360000000000000000e+02 5.196062578324002480e-07
5.370000000000000000e+02 5.204788544772234294e-07
5.380000000000000000e+02 5.213572887371517705e-07
5.390000000000000000e+02 5.222416839599371058e-07
5.400000000000000000e+02 5.231317339971891642e-07
5.410000000000000000e+02 5.240275416828772622e-07
5.420000000000000000e+02 5.249288011730693926e-07
5.430000000000000000e+02 5.258356274097109694e-07
5.440000000000000000e+02 5.267477029159025531e-07
5.450000000000000000e+02 5.276651464328805625e-07
5.460000000000000000e+02 5.285876326254241772e-07
5.470000000000000000e+02 5.295152698218911931e-07
5.480000000000000000e+02 5.304477258156838820e-07
5.490000000000000000e+02 5.313851167949009419e-07
5.500000000000000000e+02 5.323271042173220053e-07
5.510000000000000000e+02 5.332737943741723129e-07
5.520000000000000000e+02 5.342248386118951210e-07
5.530000000000000000e+02 5.351803553554372287e-07
5.540000000000000000e+02 5.361399924045774052e-07
5.550000000000000000e+02 5.371038687703177695e-07
5.560000000000000000e+02 5.380716107290065462e-07
5.570000000000000000e+02 5.390433384072079395e-07
5.580000000000000000e+02 5.400186857327583909e-07
5.590000000000000000e+02 5.409977695621517795e-07
5.600000000000000000e+02 5.419802231480875128e-07
5.610000000000000000e+02 5.429661454523745051e-07
5.620000000000000000e+02 5.439551676216151392e-07
5.630000000000000000e+02 5.449473795507396454e-07
5.640000000000000000e+02 5.459424262624799356e-07
5.650000000000000000e+02 5.469404073841491814e-07
5.660000000000000000e+02 5.479409402109763628e-07
5.670000000000000000e+02 5.489441269657461260e-07
5.680000000000000000e+02 5.499495881767323777e-07
5.690000000000000000e+02 5.509574108798578892e-07
5.700000000000000000e+02 5.519672300556594837e-07
5.710000000000000000e+02 5.529791253728269729e-07
5.720000000000000000e+02 5.539927209206405006e-07
5.730000000000000000e+02 5.550081072642587751e-07
5.740000000000000000e+02 5.560248995595953426e-07
5.750000000000000000e+02 5.570431796830182069e-07
5.760000000000000000e+02 5.580625732945474210e-07
5.770000000000000000e+02 5.590831583169612856e-07
5.780000000000000000e+02 5.601045473056220039e-07
5.790000000000000000e+02 5.611268315205621385e-07
5.800000000000000000e+02 5.621496171074264109e-07
5.810000000000000000e+02 5.631729846858459702e-07
5.820000000000000000e+02 5.641965516501194050e-07
5.830000000000000000e+02 5.652203904363747118e-07
5.840000000000000000e+02 5.662441261965470654e-07
5.850000000000000000e+02 5.672678306278451064e-07
5.860000000000000000e+02 5.682911127448089603e-07
5.870000000000000000e+02 5.693140547618471042e-07
5.880000000000000000e+02 5.703362626391960528e-07
5.890000000000000000e+02 5.713578271545669505e-07
5.900000000000000000e+02 5.723783471128960783e-07
5.910000000000000000e+02 5.733979024381943889e-07
5.920000000000000000e+02 5.744161033469833706e-07
5.930000000000000000e+02 5.754330420495657561e-07
5.940000000000000000e+02 5.764483008037600234e-07
5.950000000000000000e+02 5.774619975717414974e-07
5.960000000000000000e+02 5.784737174006957134e-07
5.970000000000000000e+02 5.794835525565496342e-07
5.980000000000000000e+02 5.804911062680919833e-07
5.990000000000000000e+02 5.814964662635302182e-07
6.000000000000000000e+02 5.824992395711654605e-07
6.010000000000000000e+02 5.834995109198278320e-07
6.020000000000000000e+02 5.844968947007172522e-07
6.030000000000000000e+02 5.854914896433675662e-07
6.040000000000000000e+02 5.864828990480942419e-07
6.050000000000000000e+02 5.874712243728025981e-07
6.060000000000000000e+02 5.884560650585765994e-07
6.070000000000000000e+02 5.894375297650778501e-07
6.080000000000000000e+02 5.904152314685397430e-07
6.090000000000000000e+02 5.913892681433618039e-07
6.100000000000000000e+02 5.923592551521556410e-07
6.110000000000000000e+02 5.933252912110600145e-07
6.120000000000000000e+02 5.942870141976791505e-07
6.130000000000000000e+02 5.952445154914394584e-07
6.140000000000000000e+02 5.961974140460777928e-07
6.150000000000000000e+02 5.971458374665874737e-07
6.160000000000000000e+02 5.980893951725034542e-07
6.170000000000000000e+02 5.990282168649466072e-07
6.180000000000000000e+02 5.999619266754685733e-07
6.190000000000000000e+02 6.008906367291024098e-07
6.200000000000000000e+02 6.018139971910478120e-07
6.210000000000000000e+02 6.027321183892798302e-07
6.220000000000000000e+02 6.036446496519438958e-07
6.230000000000000000e+02 6.045517120281354303e-07
6.240000000000000000e+02 6.054529510864022008e-07
6.250000000000000000e+02 6.063484974787652305e-07
6.260000000000000000e+02 6.072380051222551167e-07
6.270000000000000000e+02 6.081216075796412437e-07
6.280000000000000000e+02 6.089989642733708454e-07
6.290000000000000000e+02 6.098702166775707022e-07
6.300000000000000000e+02 6.107350254108637408e-07
6.310000000000000000e+02 6.115935380339926585e-07
6.320000000000000000e+02 6.124454257661826821e-07
6.330000000000000000e+02 6.132908380044681289e-07
6.340000000000000000e+02 6.141294530887122836e-07
6.350000000000000000e+02 6.149614277751154930e-07
6.360000000000000000e+02 6.157864429300106716e-07
6.370000000000000000e+02 6.166046648903190111e-07
6.380000000000000000e+02 6.174157824003642884e-07
6.390000000000000000e+02 6.182199691209227211e-07
6.400000000000000000e+02 6.190169162418720347e-07
6.410000000000000000e+02 6.198068041219475349e-07
6.420000000000000000e+02 6.205893316805638504e-07
6.430000000000000000e+02 6.213646893519477110e-07
6.440000000000000000e+02 6.221325784186184601e-07
6.450000000000000000e+02 6.228932009867374815e-07
6.460000000000000000e+02 6.236462622265770209e-07
6.470000000000000000e+02 6.243919696309063402e-07
6.480000000000000000e+02 6.251300399690000495e-07
6.490000000000000000e+02 6.258606834316121068e-07
6.500000000000000000e+02 6.265836284102264951e-07
6.510000000000000000e+02 6.272990896219302255e-07
6.520000000000000000e+02 6.280068042717763150e-07
6.530000000000000000e+02 6.287069919321415075e-07
6.540000000000000000e+02 6.293993976486345319e-07
6.550000000000000000e+02 6.300842495873162832e-07
6.560000000000000000e+02 6.307613000939939448e-07
6.570000000000000000e+02 6.314307876746226528e-07
6.580000000000000000e+02 6.320924679109293472e-07
6.590000000000000000e+02 6.327465872648732430e-07
6.600000000000000000e+02 6.333929060775886836e-07
6.610000000000000000e+02 6.340316815927514629e-07
6.620000000000000000e+02 6.346626827081859115e-07
6.630000000000000000e+02 6.352861714956379410e-07
6.640000000000000000e+02 6.359019271491971496e-07
6.650000000000000000e+02 6.365102139583295346e-07
6.660000000000000000e+02 6.371108190277663473e-07
6.670000000000000000e+02 6.377040177425986680e-07
6.680000000000000000e+02 6.382896042949777147e-07
6.690000000000000000e+02 6.388678582126517653e-07
6.700000000000000000e+02 6.394385802646083789e-07
6.710000000000000000e+02 6.400020620676281452e-07
6.720000000000000000e+02 6.405581070172059145e-07
6.730000000000000000e+02 6.411070116214046633e-07
6.740000000000000000e+02 6.416485868788661239e-07
6.750000000000000000e+02 6.421831418261223599e-07
6.760000000000000000e+02 6.427104864255074563e-07
6.770000000000000000e+02 6.432309419334547085e-07
6.780000000000000000e+02 6.437443203122185876e-07
6.790000000000000000e+02 6.442509520484926106e-07
6.800000000000000000e+02 6.447506551166493475e-07
6.810000000000000000e+02 6.452437645567237550e-07
6.820000000000000000e+02 6.457301061904960818e-07
6.830000000000000000e+02 6.462100171046721722e-07
6.840000000000000000e+02 6.466833356170896464e-07
6.850000000000000000e+02 6.471503989891855990e-07
6.860000000000000000e+02 6.476110503779889927e-07
6.870000000000000000e+02 6.480656359121673991e-07
6.880000000000000000e+02 6.485140039615849324e-07
6.890000000000000000e+02 6.489565063479026235e-07
6.900000000000000000e+02 6.493929929009570443e-07
6.910000000000000000e+02 6.498238236591675271e-07
6.920000000000000000e+02 6.502488545630042857e-07
6.930000000000000000e+02 6.506684482597240953e-07
6.940000000000000000e+02 6.510824618591121775e-07
6.950000000000000000e+02 6.514912681255053082e-07
6.960000000000000000e+02 6.518947264828265549e-07
6.970000000000000000e+02 6.522932129154628642e-07
6.980000000000000000e+02 6.526865925105794720e-07
6.990000000000000000e+02 6.530752450200278080e-07
7.000000000000000000e+02 6.534590393806696670e-07
7.010000000000000000e+02 6.538383555618993155e-07
7.020000000000000000e+02 6.542130723043959071e-07
7.030000000000000000e+02 6.545835678458801862e-07
7.040000000000000000e+02 6.549497269845963227e-07
7.050000000000000000e+02 6.553119312270197321e-07
7.060000000000000000e+02 6.556700669816581094e-07
7.070000000000000000e+02 6.560245177033999239e-07
7.080000000000000000e+02 6.563751723629370095e-07
7.090000000000000000e+02 6.567224191916008715e-07
7.100000000000000000e+02 6.570661495785955538e-07
7.110000000000000000e+02 6.574067514356001151e-07
7.120000000000000000e+02 6.577441183463400407e-07
7.130000000000000000e+02 6.580786420580932496e-07
7.140000000000000000e+02 6.584102180940599657e-07
7.150000000000000000e+02 6.587392403734552156e-07
7.160000000000000000e+02 6.590656061177826118e-07
7.170000000000000000e+02 6.593897077377162776e-07
7.180000000000000000e+02 6.597114439164635127e-07
7.190000000000000000e+02 6.600312130425176338e-07
7.200000000000000000e+02 6.603489119088438273e-07
7.210000000000000000e+02 6.606649386809945383e-07
7.220000000000000000e+02 6.609791896525393624e-07
7.230000000000000000e+02 6.612920665942994298e-07
7.240000000000000000e+02 6.616034655028413385e-07
7.250000000000000000e+02 6.619137869679782390e-07
7.260000000000000000e+02 6.622229297817105544e-07
7.270000000000000000e+02 6.625312943311582506e-07
7.280000000000000000e+02 6.628387775439893167e-07
7.290000000000000000e+02 6.631457796485569217e-07
7.300000000000000000e+02 6.634521998211811952e-07
7.310000000000000000e+02 6.637584349963434612e-07
7.320000000000000000e+02 6.640643881646457492e-07
7.330000000000000000e+02 6.643704513806946245e-07
7.340000000000000000e+02 6.646765265070239079e-07
7.350000000000000000e+02 6.649830085384814718e-07
7.360000000000000000e+02 6.652897960959118152e-07
7.370000000000000000e+02 6.655972874861695253e-07
7.380000000000000000e+02 6.659053706832868126e-07
7.390000000000000000e+02 6.662144423005442844e-07
7.400000000000000000e+02 6.665243993390706618e-07
7.410000000000000000e+02 6.668356374945015501e-07
7.420000000000000000e+02 6.671480388231377425e-07
7.430000000000000000e+02 6.674620157583879049e-07
7.440000000000000000e+02 6.677774430776235852e-07
7.450000000000000000e+02 6.680947233428445551e-07
7.460000000000000000e+02 6.684137258192150625e-07
7.470000000000000000e+02 6.687348527225920066e-07
7.480000000000000000e+02 6.690579830757891457e-07
7.490000000000000000e+02 6.693835153520247965e-07
7.500000000000000000e+02 6.697113198528253818e-07
7.510000000000000000e+02 6.700417928033151667e-07
7.520000000000000000e+02 6.703747972643022554e-07
7.530000000000000000e+02 6.707107304486047984e-07
7.540000000000000000e+02 6.710494618357547768e-07
7.550000000000000000e+02 6.713913740027294445e-07
7.560000000000000000e+02 6.717363406001724638e-07
7.570000000000000000e+02 6.720847365786872925e-07
7.580000000000000000e+02 6.724364343595584315e-07
7.590000000000000000e+02 6.727918142760152089e-07
7.600000000000000000e+02 6.731507396152936233e-07
7.610000000000000000e+02 6.735135771380621410e-07
7.620000000000000000e+02 6.738801964975786715e-07
7.630000000000000000e+02 6.742509710754379927e-07
7.640000000000000000e+02 6.746257441712441941e-07
7.650000000000000000e+02 6.750049041076648731e-07
7.660000000000000000e+02 6.753882810727251630e-07
7.670000000000000000e+02 6.757762590494959622e-07
7.680000000000000000e+02 6.761686831783830074e-07
7.690000000000000000e+02 6.765659061141341969e-07
7.700000000000000000e+02 6.769677796259996432e-07
7.710000000000000000e+02 6.773746683230816354e-07
7.720000000000000000e+02 6.777863994395630860e-07
7.730000000000000000e+02 6.782033395096680495e-07
7.740000000000000000e+02 6.786253285011496131e-07
7.750000000000000000e+02 6.790527087109805685e-07
7.760000000000000000e+02 6.794853231984050070e-07
7.770000000000000000e+02 6.799234992771288019e-07
7.780000000000000000e+02 6.803670839920350387e-07
7.790000000000000000e+02 6.808164074810249489e-07
7.800000000000000000e+02 6.812713158593857225e-07
7.810000000000000000e+02 6.817321235355727145e-07
7.820000000000000000e+02 6.821986629231164355e-07
7.830000000000000000e+02 6.826712684444194517e-07
7.840000000000000000e+02 6.831497521125698579e-07
7.850000000000000000e+02 6.836344496489925478e-07
7.860000000000000000e+02 6.841251637761413210e-07
7.870000000000000000e+02 6.846222207198880128e-07
7.880000000000000000e+02 6.851254389463691228e-07
7.890000000000000000e+02 6.856351267028819077e-07
7.900000000000000000e+02 6.861510938273699583e-07
7.910000000000000000e+02 6.866736489335513727e-07
7.920000000000000000e+02 6.872026001945883174e-07
7.930000000000000000e+02 6.877382559852012386e-07
7.940000000000000000e+02 6.882804037658457913e-07
7.950000000000000000e+02 6.888293501618577583e-07
7.960000000000000000e+02 6.893848895237529196e-07
7.970000000000000000e+02 6.899473159810457970e-07
7.980000000000000000e+02 6.905164420316657205e-07
7.990000000000000000e+02 6.910925363160982607e-07
8.000000000000000000e+02 6.916753983205757050e-07
8.010000000000000000e+02 6.922652819112363230e-07
8.020000000000000000e+02 6.928620072602197441e-07
8.030000000000000000e+02 6.934658164785173850e-07
8.040000000000000000e+02 6.940765384889014551e-07
8.050000000000000000e+02 6.946944052971168440e-07
8.060000000000000000e+02 6.953192260409249328e-07
8.070000000000000000e+02 6.959512237998688534e-07
8.080000000000000000e+02 6.965901996102466338e-07
8.090000000000000000e+02 6.972363940270626601e-07
8.100000000000000000e+02 6.978896023201622512e-07
8.110000000000000000e+02 6.985500446300339248e-07
8.120000000000000000e+02 6.992175115428819524e-07
8.130000000000000000e+02 6.998922384094266839e-07
8.140000000000000000e+02 7.005740116461359730e-07
8.150000000000000000e+02 7.012630455647935773e-07
8.160000000000000000e+02 7.019591228132686904e-07
8.170000000000000000e+02 7.026624472910000774e-07
8.180000000000000000e+02 7.033727981134149750e-07
8.190000000000000000e+02 7.040903710081120042e-07
8.200000000000000000e+02 7.048149669298495664e-07
8.210000000000000000e+02 7.055467493015649323e-07
8.220000000000000000e+02 7.062855031415175525e-07
8.230000000000000000e+02 7.070314232465470703e-07
8.240000000000000000e+02 7.077842631934583097e-07
8.250000000000000000e+02 7.085442274118015824e-07
8.260000000000000000e+02 7.093110524274266900e-07
8.270000000000000000e+02 7.100849478555807952e-07
8.280000000000000000e+02 7.108656370565644509e-07
8.290000000000000000e+02 7.116533329137105470e-07
8.300000000000000000e+02 7.124477475880337079e-07
8.310000000000000000e+02 7.132490961523604888e-07
8.320000000000000000e+02 7.140570559799933374e-07
8.330000000000000000e+02 7.148718685030777967e-07
8.340000000000000000e+02 7.156932145257200353e-07
8.350000000000000000e+02 7.165212992301691467e-07
8.360000000000000000e+02 7.173558228869850009e-07
8.370000000000000000e+02 7.181969760169297545e-07
8.380000000000000000e+02 7.190444400541520581e-07
8.390000000000000000e+02 7.198984200295444763e-07
8.400000000000000000e+02 7.207585876869117046e-07
8.410000000000000000e+02 7.216251520579574621e-07
8.420000000000000000e+02 7.224977768027358209e-07
8.430000000000000000e+02 7.233766483707118308e-07
8.440000000000000000e+02 7.242614230556091178e-07
8.450000000000000000e+02 7.251523253966081642e-07
8.460000000000000000e+02 7.260489801929161201e-07
8.470000000000000000e+02 7.269515789788399440e-07
8.480000000000000000e+02 7.278597767620898782e-07
8.490000000000000000e+02 7.287737518421977473e-07
8.500000000000000000e+02 7.296931435921833756e-07
8.510000000000000000e+02 7.306181454094904629e-07
8.520000000000000000e+02 7.315483889223805365e-07
8.530000000000000000e+02 7.324840476325704731e-07
8.540000000000000000e+02 7.334247465622447173e-07
8.550000000000000000e+02 7.343706738675496042e-07
8.560000000000000000e+02 7.353214483977644033e-07
8.570000000000000000e+02 7.362772385795633011e-07
8.580000000000000000e+02 7.372376573689514849e-07
8.590000000000000000e+02 7.382028879905166987e-07
8.600000000000000000e+02 7.391725376843869104e-07
8.610000000000000000e+02 7.401467702091625603e-07
8.620000000000000000e+02 7.411252114657854941e-07
8.630000000000000000e+02 7.421080159499783854e-07
8.640000000000000000e+02 7.430947677432317062e-07
8.650000000000000000e+02 7.440856384749988122e-07
8.660000000000000000e+02 7.450802402123003073e-07
8.670000000000000000e+02 7.460787022657875809e-07
8.680000000000000000e+02 7.470806450102971684e-07
8.690000000000000000e+02 7.480862015395710060e-07
8.700000000000000000e+02 7.490949725238001218e-07
8.710000000000000000e+02 7.501071118323441125e-07
8.720000000000000000e+02 7.511222108656088976e-07
8.730000000000000000e+02 7.521403834113977848e-07
8.740000000000000000e+02 7.531612617991505161e-07
8.750000000000000000e+02 7.541849410049093212e-07
8.760000000000000000e+02 7.552110468763715547e-07
8.770000000000000000e+02 7.562396843315558198e-07
8.780000000000000000e+02 7.572704552859891472e-07
8.790000000000000000e+02 7.583034887636604017e-07
8.800000000000000000e+02 7.593383512419015677e-07
8.810000000000000000e+02 7.603751821384735049e-07
8.820000000000000000e+02 7.614135514765781681e-07
8.830000000000000000e+02 7.624536055040499865e-07
8.840000000000000000e+02 7.634949101673981019e-07
8.850000000000000000e+02 7.645375929514783985e-07
8.860000000000000000e+02 7.655812150410107584e-07
8.870000000000000000e+02 7.666258962415006525e-07
8.880000000000000000e+02 7.676712407045676596e-07
8.890000000000000000e+02 7.687173391321248043e-07
8.900000000000000000e+02 7.697637670571736504e-07
8.910000000000000000e+02 7.708106468750392105e-07
8.920000000000000000e+02 7.718575674976252851e-07
8.930000000000000000e+02 7.729046150699240036e-07
8.940000000000000000e+02 7.739513830807393453e-07
8.950000000000000000e+02 7.749979889727149534e-07
8.960000000000000000e+02 7.760439815835345974e-07
8.970000000000000000e+02 7.770895137288702753e-07
8.980000000000000000e+02 7.781341128477835052e-07
8.990000000000000000e+02 7.791779275167347431e-07
9.000000000000000000e+02 7.802204931134334573e-07
9.010000000000000000e+02 7.812619612106891908e-07
9.020000000000000000e+02 7.823018659797308223e-07
9.030000000000000000e+02 7.833403625761416081e-07
9.040000000000000000e+02 7.843769826694095004e-07
9.050000000000000000e+02 7.854118849928570227e-07
9.060000000000000000e+02 7.864445985043071079e-07
9.070000000000000000e+02 7.874752854220467693e-07
9.080000000000000000e+02 7.885034719882193018e-07
9.090000000000000000e+02 7.895293238329753592e-07
9.100000000000000000e+02 7.905523646408903213e-07
9.110000000000000000e+02 7.915727634254374955e-07
9.120000000000000000e+02 7.925900649879750996e-07
9.130000000000000000e+02 7.936044181559806387e-07
9.140000000000000000e+02 7.946153771716600839e-07
9.150000000000000000e+02 7.956230825827094701e-07
9.160000000000000000e+02 7.966270952823419729e-07
9.170000000000000000e+02 7.976275739619759138e-07
9.180000000000000000e+02 7.986240614556811746e-07
9.190000000000000000e+02 7.996167243380393455e-07
9.200000000000000000e+02 8.006051218540177432e-07
9.210000000000000000e+02 8.015894264477590352e-07
9.220000000000000000e+02 8.025691811304557394e-07
9.230000000000000000e+02 8.035445867978337468e-07
9.240000000000000000e+02 8.045151802362135528e-07
9.250000000000000000e+02 8.054811319841276751e-07
9.260000000000000000e+02 8.064420214840351639e-07
9.270000000000000000e+02 8.073980092833148068e-07
9.280000000000000000e+02 8.083486950115955499e-07
9.290000000000000000e+02 8.092942335560895893e-07
9.300000000000000000e+02 8.102342162844444803e-07
9.310000000000000000e+02 8.111688176831416279e-07
9.320000000000000000e+02 8.120976301125363787e-07
9.330000000000000000e+02 8.130208371228531052e-07
9.340000000000000000e+02 8.139380335477476788e-07
9.350000000000000000e+02 8.148494098781201096e-07
9.360000000000000000e+02 8.157545870486274190e-07
9.370000000000000000e+02 8.166537385073137119e-07
9.380000000000000000e+02 8.175464767742321994e-07
9.390000000000000000e+02 8.184330156013264591e-07
9.400000000000000000e+02 8.193129449588088786e-07
9.410000000000000000e+02 8.201864753081818857e-07
9.420000000000000000e+02 8.210532561177174782e-07
9.430000000000000000e+02 8.219134786370244649e-07
9.440000000000000000e+02 8.227667747713998391e-07
9.450000000000000000e+02 8.236133518891967459e-07
9.460000000000000000e+02 8.244528633906380529e-07
9.470000000000000000e+02 8.252855242555710851e-07
9.480000000000000000e+02 8.261109775305037502e-07
9.490000000000000000e+02 8.269294672623598057e-07
9.500000000000000000e+02 8.277406357495376018e-07
9.510000000000000000e+02 8.285447213109139311e-07
9.520000000000000000e+02 8.293413900987983994e-07
9.530000000000000000e+02 8.301308829702245779e-07
9.540000000000000000e+02 8.309128793156884200e-07
9.550000000000000000e+02 8.316876238459191102e-07
9.560000000000000000e+02 8.324547840841551148e-07
9.570000000000000000e+02 8.332146541255570990e-07
9.580000000000000000e+02 8.339668773898425693e-07
9.590000000000000000e+02 8.347117521661119396e-07
9.600000000000000000e+02 8.354489563082846339e-07
9.610000000000000000e+02 8.361787754722939417e-07
9.620000000000000000e+02 8.369009030285228582e-07
9.630000000000000000e+02 8.376156457444605763e-07
9.640000000000000000e+02 8.383226863368105890e-07
9.650000000000000000e+02 8.390223438219361888e-07
9.660000000000000000e+02 8.397142999501092042e-07
9.670000000000000000e+02 8.403988841642376863e-07
9.680000000000000000e+02 8.410758013440802147e-07
9.690000000000000000e+02 8.417453903783237021e-07
9.700000000000000000e+02 8.424073687620490916e-07
9.710000000000000000e+02 8.430620620643804817e-07
9.720000000000000000e+02 8.437091979813026790e-07
9.730000000000000000e+02 8.443491215674955588e-07
9.740000000000000000e+02 8.449815694991932696e-07
9.750000000000000000e+02 8.456068975622079872e-07
9.760000000000000000e+02 8.462248286333543878e-07
9.770000000000000000e+02 8.468357493978493268e-07
9.780000000000000000e+02 8.474393795022593504e-07
9.790000000000000000e+02 8.480361245178581935e-07
9.800000000000000000e+02 8.486257032798440947e-07
9.810000000000000000e+02 8.492085367864146128e-07
9.820000000000000000e+02 8.497843440756829877e-07
9.830000000000000000e+02 8.503535379945860406e-07
9.840000000000000000e+02 8.509158817514936521e-07
9.850000000000000000e+02 8.514717897559059317e-07
9.860000000000000000e+02 8.520210043787410593e-07
9.870000000000000000e+02 8.525639649661229593e-07
9.880000000000000000e+02 8.531004311572889470e-07
9.890000000000000000e+02 8.536308354433466923e-07
9.900000000000000000e+02 8.541549467058479641e-07
9.910000000000000000e+02 8.546732201858520486e-07
9.920000000000000000e+02 8.551854108788743941e-07
9.930000000000000000e+02 8.556919873959604431e-07
9.940000000000000000e+02 8.561927221671681129e-07
9.950000000000000000e+02 8.566880735128157970e-07
9.960000000000000000e+02 8.571778226205485568e-07
9.970000000000000000e+02 8.576624271103240639e-07
9.980000000000000000e+02 8.581416962626739610e-07
9.990000000000000000e+02 8.586160887341933806e-07
1.000000000000000000e+03 8.590854091297725092e-07
1.001000000000000000e+03 8.595501389434417758e-07
1.002000000000000000e+03 8.600100644568567526e-07
1.003000000000000000e+03 8.604657005665183404e-07
1.004000000000000000e+03 8.609168266826225119e-07
1.005000000000000000e+03 8.613639569350592934e-07
1.006000000000000000e+03 8.618068876067496544e-07
1.007000000000000000e+03 8.622461177943491703e-07
1.008000000000000000e+03 8.626814720907902181e-07
1.009000000000000000e+03 8.631134454017115234e-07
1.010000000000000000e+03 8.635418574213942079e-07
1.011000000000000000e+03 8.639672220680345411e-07
1.012000000000000000e+03 8.643893815395249986e-07
1.013000000000000000e+03 8.648088181240369372e-07
1.014000000000000000e+03 8.652253868186922481e-07
1.015000000000000000e+03 8.656395775816953388e-07
1.016000000000000000e+03 8.660512759664376156e-07
1.017000000000000000e+03 8.664609529192241924e-07
1.018000000000000000e+03 8.668684719619997681e-07
1.019000000000000000e+03 8.672743354690122132e-07
1.020000000000000000e+03 8.676784020105928599e-07
1.021000000000000000e+03 8.680811871393129311e-07
1.022000000000000000e+03 8.684825475552916457e-07
1.023000000000000000e+03 8.688829877345547720e-07
1.024000000000000000e+03 8.692823838761165922e-07
1.025000000000000000e+03 8.696812377765361189e-07
1.026000000000000000e+03 8.700794353768724686e-07
1.027000000000000000e+03 8.704774772474006452e-07
1.028000000000000000e+03 8.708752367342503552e-07
1.029000000000000000e+03 8.712732336487714599e-07
1.030000000000000000e+03 8.716713376707374939e-07
1.031000000000000000e+03 8.720700779524967691e-07
1.032000000000000000e+03 8.724693223184270072e-07
1.033000000000000000e+03 8.728695869059386233e-07
1.034000000000000000e+03 8.732707581591594832e-07
1.035000000000000000e+03 8.736733480078678600e-07
1.036000000000000000e+03 8.740772322440351885e-07
1.037000000000000000e+03 8.744829400090230220e-07
1.038000000000000000e+03 8.748903439722433639e-07
1.039000000000000000e+03 8.752999615740203320e-07
1.040000000000000000e+03 8.757116832509263787e-07
1.041000000000000000e+03 8.761260225418536667e-07
1.042000000000000000e+03 8.765428588041774514e-07
1.043000000000000000e+03 8.769627225660808139e-07
1.044000000000000000e+03 8.773854897320636218e-07
1.045000000000000000e+03 8.778116598174905883e-07
1.046000000000000000e+03 8.782411453164056426e-07
1.047000000000000000e+03 8.786744514709949123e-07
1.048000000000000000e+03 8.791114504734570143e-07
1.049000000000000000e+03 8.795526667708254400e-07
1.050000000000000000e+03 8.799979760391260485e-07
1.051000000000000000e+03 8.804479114585164227e-07
1.052000000000000000e+03 8.809023285080070383e-07
1.053000000000000000e+03 8.813617474346389524e-07
1.054000000000000000e+03 8.818260511310615378e-07
1.055000000000000000e+03 8.822957553036052612e-07
1.056000000000000000e+03 8.827707344330920473e-07
1.057000000000000000e+03 8.832515014186283688e-07
1.058000000000000000e+03 8.837379284280032590e-07
1.059000000000000000e+03 8.842305074885258919e-07
1.060000000000000000e+03 8.847291469210457673e-07
1.061000000000000000e+03 8.852343089168550939e-07
1.062000000000000000e+03 8.857459192060075910e-07
1.063000000000000000e+03 8.862644225098166337e-07
1.064000000000000000e+03 8.867897385097328514e-07
1.065000000000000000e+03 8.873223356613182013e-07
1.066000000000000000e+03 8.878621160014504483e-07
1.067000000000000000e+03 8.884095363210968595e-07
1.068000000000000000e+03 8.889644914754043616e-07
1.069000000000000000e+03 8.895274513302010408e-07
1.070000000000000000e+03 8.900983061568397496e-07
1.071000000000000000e+03 8.906775119464710712e-07
1.072000000000000000e+03 8.912649556118853541e-07
1.073000000000000000e+03 8.918611237703298696e-07
1.074000000000000000e+03 8.924658637180936465e-07
1.075000000000000000e+03 8.930796755323192713e-07
1.076000000000000000e+03 8.937024044758265294e-07
1.077000000000000000e+03 8.943345234242477122e-07
1.078000000000000000e+03 8.949758897930122572e-07
1.079000000000000000e+03 8.956269841959358714e-07
1.080000000000000000e+03 8.962876488168864943e-07
1.081000000000000000e+03 8.969583481047527191e-07
1.082000000000000000e+03 8.976389347312355832e-07
1.083000000000000000e+03 8.983298837522080558e-07
1.084000000000000000e+03 8.990310143045191937e-07
1.085000000000000000e+03 8.997428050051202011e-07
1.086000000000000000e+03 9.004650946568932217e-07
1.087000000000000000e+03 9.011983460259683149e-07
1.088000000000000000e+03 9.019423851671269171e-07
1.089000000000000000e+03 9.026976677820030093e-07
1.090000000000000000e+03 9.034640317744896337e-07
1.091000000000000000e+03 9.042419278234422373e-07
1.092000000000000000e+03 9.050311618317238602e-07
1.093000000000000000e+03 9.058321986042901242e-07
1.094000000000000000e+03 9.066448465703772435e-07
1.095000000000000000e+03 9.074695761951999698e-07
1.096000000000000000e+03 9.083061752147718810e-07
1.097000000000000000e+03 9.091551000702620010e-07
1.098000000000000000e+03 9.100161444200592892e-07
1.099000000000000000e+03 9.108897768922007746e-07
1.100000000000000000e+03 9.117757724422647983e-07
1.101000000000000000e+03 9.126745690055407964e-07
1.102000000000000000e+03 9.135859665904416219e-07
1.103000000000000000e+03 9.145104069840980634e-07
1.104000000000000000e+03 9.154476635345631824e-07
1.105000000000000000e+03 9.163981768501104044e-07
1.106000000000000000e+03 9.173617259122813387e-07
1.107000000000000000e+03 9.183387498907937577e-07
1.108000000000000000e+03 9.193289918057425858e-07
1.109000000000000000e+03 9.203329073378044089e-07
1.110000000000000000e+03 9.213502383473631209e-07
1.111000000000000000e+03 9.223814304556732630e-07
1.112000000000000000e+03 9.234262018916292197e-07
1.113000000000000000e+03 9.244850128639056848e-07
1.114000000000000000e+03 9.255575845345624483e-07
1.115000000000000000e+03 9.266443485553874210e-07
1.116000000000000000e+03 9.277450402543115175e-07
1.117000000000000000e+03 9.288600790081843923e-07
1.118000000000000000e+03 9.299891868521541516e-07
1.119000000000000000e+03 9.311327744795651248e-07
1.120000000000000000e+03 9.322905924185159310e-07
1.121000000000000000e+03 9.334630092392653192e-07
1.122000000000000000e+03 9.346497872895841433e-07
1.123000000000000000e+03 9.358512895999552593e-07
1.124000000000000000e+03 9.370672685812822384e-07
1.125000000000000000e+03 9.382980780657779257e-07
1.126000000000000000e+03 9.395434674175881804e-07
1.127000000000000000e+03 9.408037995733519139e-07
1.128000000000000000e+03 9.420787865403725759e-07
1.129000000000000000e+03 9.433688098204756887e-07
1.130000000000000000e+03 9.446735621447722825e-07
1.131000000000000000e+03 9.459934330807650432e-07
1.132000000000000000e+03 9.473281005626553893e-07
1.133000000000000000e+03 9.486779241016787701e-07
1.134000000000000000e+03 9.500426043270923327e-07
1.135000000000000000e+03 9.514225048236481771e-07
1.136000000000000000e+03 9.528172971720011242e-07
1.137000000000000000e+03 9.542273437295950971e-07
1.138000000000000000e+03 9.556523189061323968e-07
1.139000000000000000e+03 9.570925833887644080e-07
1.140000000000000000e+03 9.585477907052179737e-07
1.141000000000000000e+03 9.600182996808011566e-07
1.142000000000000000e+03 9.615037508776928646e-07
1.143000000000000000e+03 9.630045013243986396e-07
1.144000000000000000e+03 9.645201982215343079e-07
1.145000000000000000e+03 9.660511968513330644e-07
1.146000000000000000e+03 9.675971076974175437e-07
1.147000000000000000e+03 9.691583019531083741e-07
1.148000000000000000e+03 9.707343871760839519e-07
1.149000000000000000e+03 9.723257062109203755e-07
1.150000000000000000e+03 9.739318585041773598e-07
1.151000000000000000e+03 9.755531917867279654e-07
1.152000000000000000e+03 9.771892969215907638e-07
1.153000000000000000e+03 9.788405210542537105e-07
1.154000000000000000e+03 9.805064464734851262e-07
1.155000000000000000e+03 9.821874012239756592e-07
1.156000000000000000e+03 9.838829590195630001e-07
1.157000000000000000e+03 9.855934552478587936e-07
1.158000000000000000e+03 9.873184729355766285e-07
1.159000000000000000e+03 9.890583302921855181e-07
1.160000000000000000e+03 9.908125750599084034e-07
1.161000000000000000e+03 9.925815337814976512e-07
1.162000000000000000e+03 9.943647702503722025e-07
1.163000000000000000e+03 9.961625764238409617e-07
1.164000000000000000e+03 9.979745176274837107e-07
1.165000000000000000e+03 9.998008857168633328e-07
1.166000000000000000e+03 1.001641226596147626e-06
1.167000000000000000e+03 1.003495826856212778e-06
1.168000000000000000e+03 1.005364220559024758e-06
1.169000000000000000e+03 1.007246688638505532e-06
1.170000000000000000e+03 1.009142772788094428e-06
1.171000000000000000e+03 1.011052730365009573e-06
1.172000000000000000e+03 1.012976102175316342e-06
1.173000000000000000e+03 1.014913149151425312e-06
1.174000000000000000e+03 1.016863391069656846e-06
1.175000000000000000e+03 1.018827085789335590e-06
1.176000000000000000e+03 1.020803758250602859e-06
1.177000000000000000e+03 1.022793644052704930e-06
1.178000000000000000e+03 1.024796265793930144e-06
1.179000000000000000e+03 1.026811845489077396e-06
1.180000000000000000e+03 1.028839901722577342e-06
1.181000000000000000e+03 1.030880663356525061e-06
1.182000000000000000e+03 1.032933607619631634e-06
1.183000000000000000e+03 1.034998961952841742e-06
1.184000000000000000e+03 1.037076216498302605e-06
1.185000000000000000e+03 1.039165595844819613e-06
1.186000000000000000e+03 1.041266570668373321e-06
1.187000000000000000e+03 1.043379361915416486e-06
1.188000000000000000e+03 1.045503427243729947e-06
1.189000000000000000e+03 1.047639002039887373e-06
1.190000000000000000e+03 1.049785532202826192e-06
1.191000000000000000e+03 1.051943239791284288e-06
1.192000000000000000e+03 1.054111559373286041e-06
1.193000000000000000e+03 1.056290687771092997e-06
1.194000000000000000e+03 1.058480085452816379e-06
1.195000000000000000e+03 1.060679934496488697e-06
1.196000000000000000e+03 1.062889665760649893e-06
1.197000000000000000e+03 1.065109467700478154e-06
1.198000000000000000e+03 1.067338774153466674e-06
1.199000000000000000e+03 1.069577772094300327e-06
1.200000000000000000e+03 1.071825872816856860e-06
1.201000000000000000e+03 1.074083260323683755e-06
1.202000000000000000e+03 1.076349350118441091e-06
1.203000000000000000e+03 1.078624322681268455e-06
1.204000000000000000e+03 1.080907571063306328e-06
1.205000000000000000e+03 1.083199290677851063e-06
1.206000000000000000e+03 1.085498860037082169e-06
1.207000000000000000e+03 1.087806461131540006e-06
1.208000000000000000e+03 1.090121478494732818e-06
1.209000000000000000e+03 1.092444087702811039e-06
1.210000000000000000e+03 1.094773651455110284e-06
1.211000000000000000e+03 1.097110359057245703e-06
1.212000000000000000e+03 1.099453558989915869e-06
1.213000000000000000e+03 1.101803445371611018e-06
1.214000000000000000e+03 1.104159353938511650e-06
1.215000000000000000e+03 1.106521462227116685e-06
1.216000000000000000e+03 1.108889113079195553e-06
1.217000000000000000e+03 1.111262495342010580e-06
1.218000000000000000e+03 1.113640930683649024e-06
1.219000000000000000e+03 1.116024611398231701e-06
1.220000000000000000e+03 1.118412845421537875e-06
1.221000000000000000e+03 1.120805846430691645e-06
1.222000000000000000e+03 1.123202910192346221e-06
1.223000000000000000e+03 1.125604242009212122e-06
1.224000000000000000e+03 1.128009126029477706e-06
1.225000000000000000e+03 1.130417766092488457e-06
1.226000000000000000e+03 1.132829474336644944e-06
1.227000000000000000e+03 1.135244434730362825e-06
1.228000000000000000e+03 1.137661929043618379e-06
1.229000000000000000e+03 1.140082170397535868e-06
1.230000000000000000e+03 1.142504444989150352e-06
1.231000000000000000e+03 1.144928939049244257e-06
1.232000000000000000e+03 1.147354955685315288e-06
1.233000000000000000e+03 1.149782670333016099e-06
1.234000000000000000e+03 1.152211372184577922e-06
1.235000000000000000e+03 1.154641268725031525e-06
1.236000000000000000e+03 1.157071622431917007e-06
1.237000000000000000e+03 1.159502674570991513e-06
1.238000000000000000e+03 1.161933652050141957e-06
1.239000000000000000e+03 1.164364816086006963e-06
1.240000000000000000e+03 1.166795390551121986e-06
1.241000000000000000e+03 1.169225632610472718e-06
1.242000000000000000e+03 1.171654797139772053e-06
1.243000000000000000e+03 1.174083105102754761e-06
1.244000000000000000e+03 1.176509842114147008e-06
1.245000000000000000e+03 1.178935234161704059e-06
1.246000000000000000e+03 1.181358542856522036e-06
1.247000000000000000e+03 1.183780014615135153e-06
1.248000000000000000e+03 1.186198922633584960e-06
1.249000000000000000e+03 1.188615503736634648e-06
1.250000000000000000e+03 1.191029035269896975e-06
1.251000000000000000e+03 1.193439752454872441e-06
1.252000000000000000e+03 1.195846935286301322e-06
1.253000000000000000e+03 1.198250839338361392e-06
1.254000000000000000e+03 1.200650726236533296e-06
1.255000000000000000e+03 1.203046883039198023e-06
1.256000000000000000e+03 1.205438583382061008e-06
1.257000000000000000e+03 1.207826093048727051e-06
1.258000000000000000e+03 1.210208689677296377e-06
1.259000000000000000e+03 1.212586655057312813e-06
1.260000000000000000e+03 1.214959290027312300e-06
1.261000000000000000e+03 1.217326865372484345e-06
1.262000000000000000e+03 1.219688694423450841e-06
1.263000000000000000e+03 1.222045066759073985e-06
1.264000000000000000e+03 1.224395284897689883e-06
1.265000000000000000e+03 1.226739649177057397e-06
1.266000000000000000e+03 1.229077480829426371e-06
1.267000000000000000e+03 1.231409068865558028e-06
1.268000000000000000e+03 1.233733744664716887e-06
1.269000000000000000e+03 1.236051837265053550e-06
1.270000000000000000e+03 1.238362665805912103e-06
1.271000000000000000e+03 1.240666581007349960e-06
1.272000000000000000e+03 1.242962899293468741e-06
1.273000000000000000e+03 1.245251989106600975e-06
1.274000000000000000e+03 1.247533166320318160e-06
1.275000000000000000e+03 1.249806815296066106e-06
1.276000000000000000e+03 1.252072273203105532e-06
1.277000000000000000e+03 1.254329918487414419e-06
1.278000000000000000e+03 1.256579120711831272e-06
1.279000000000000000e+03 1.258820241293030379e-06
1.280000000000000000e+03 1.261052669520348671e-06
1.281000000000000000e+03 1.263276783336293253e-06
1.282000000000000000e+03 1.265491988245277392e-06
1.283000000000000000e+03 1.267698671854788910e-06
1.284000000000000000e+03 1.269896232972529771e-06
1.285000000000000000e+03 1.272085110203668490e-06
1.286000000000000000e+03 1.274264684088129570e-06
1.287000000000000000e+03 1.276435401938254961e-06
1.288000000000000000e+03 1.278596680465257359e-06
1.289000000000000000e+03 1.280748959942369165e-06
1.290000000000000000e+03 1.282891675541047599e-06
1.291000000000000000e+03 1.285025292255116617e-06
1.292000000000000000e+03 1.287149238980383061e-06
1.293000000000000000e+03 1.289263997154037850e-06
1.294000000000000000e+03 1.291369019503932290e-06
1.295000000000000000e+03 1.293464802369384496e-06
1.296000000000000000e+03 1.295550792242250091e-06
1.297000000000000000e+03 1.297627520755320200e-06
1.298000000000000000e+03 1.299694436771287408e-06
1.299000000000000000e+03 1.301752074879447177e-06
1.300000000000000000e+03 1.303799909193444858e-06
1.301000000000000000e+03 1.305838484875845308e-06
1.302000000000000000e+03 1.307867291348464740e-06
1.303000000000000000e+03 1.309886885357550304e-06
1.304000000000000000e+03 1.311896790588587833e-06
1.305000000000000000e+03 1.313897554343670755e-06
1.306000000000000000e+03 1.315888701403709626e-06
1.307000000000000000e+03 1.317870801547193424e-06
1.308000000000000000e+03 1.319843409207767941e-06
1.309000000000000000e+03 1.321807087295897801e-06
1.310000000000000000e+03 1.323761409932052628e-06
1.311000000000000000e+03 1.325706985038056448e-06
1.312000000000000000e+03 1.327643361145325295e-06
1.313000000000000000e+03 1.329571150393260989e-06
1.314000000000000000e+03 1.331489938314480470e-06
1.315000000000000000e+03 1.333400347524347597e-06
1.316000000000000000e+03 1.335301962049467435e-06
1.317000000000000000e+03 1.337195436873915494e-06
1.318000000000000000e+03 1.339080361745476486e-06
1.319000000000000000e+03 1.340957391776454850e-06
1.320000000000000000e+03 1.342826123370485944e-06
1.321000000000000000e+03 1.344687241003750877e-06
1.322000000000000000e+03 1.346540348020306746e-06
1.323000000000000000e+03 1.348386127191662432e-06
1.324000000000000000e+03 1.350224210152400658e-06
1.325000000000000000e+03 1.352055307729938816e-06
1.326000000000000000e+03 1.353879026202619610e-06
1.327000000000000000e+03 1.355696094989664629e-06
1.328000000000000000e+03 1.357506134965282283e-06
1.329000000000000000e+03 1.359309891883902427e-06
1.330000000000000000e+03 1.361106972939234036e-06
1.331000000000000000e+03 1.362898138859288379e-06
1.332000000000000000e+03 1.364683035607791680e-06
1.333000000000000000e+03 1.366462416624174765e-06
1.334000000000000000e+03 1.368235925971139013e-06
1.335000000000000000e+03 1.370004341184259295e-06
1.336000000000000000e+03 1.371767310746170319e-06
1.337000000000000000e+03 1.373525627644103292e-06
1.338000000000000000e+03 1.375278945349215751e-06
1.339000000000000000e+03 1.377028048933794323e-06
1.340000000000000000e+03 1.378772596741673852e-06
1.341000000000000000e+03 1.380513397066748479e-06
1.342000000000000000e+03 1.382250113008633879e-06
1.343000000000000000e+03 1.383983567336423280e-06
1.344000000000000000e+03 1.385713406260771222e-06
1.345000000000000000e+03 1.387440486423204505e-06
1.346000000000000000e+03 1.389164426243598729e-06
1.347000000000000000e+03 1.390886104456207801e-06
1.348000000000000000e+03 1.392605167696254325e-06
1.349000000000000000e+03 1.394322470674591142e-06
1.350000000000000000e+03 1.396037691874396652e-06
1.351000000000000000e+03 1.397751660152002146e-06
1.352000000000000000e+03 1.399464050223691382e-06
1.353000000000000000e+03 1.401175722622914644e-06
1.354000000000000000e+03 1.402886354876938709e-06
1.355000000000000000e+03 1.404596800735805560e-06
1.356000000000000000e+03 1.406306740969654391e-06
1.357000000000000000e+03 1.408017051427912814e-06
1.358000000000000000e+03 1.409727394640995023e-06
1.359000000000000000e+03 1.411438637786744765e-06
1.360000000000000000e+03 1.413150478288010060e-06
1.361000000000000000e+03 1.414863761956024425e-06
1.362000000000000000e+03 1.416578180700090478e-06
1.363000000000000000e+03 1.418294592611023004e-06
1.364000000000000000e+03 1.420012690479912601e-06
1.365000000000000000e+03 1.421733337254830280e-06
1.366000000000000000e+03 1.423456227239619203e-06
1.367000000000000000e+03 1.425182227267443810e-06
1.368000000000000000e+03 1.426911011811478817e-06
1.369000000000000000e+03 1.428643451197161038e-06
1.370000000000000000e+03 1.430379210626780526e-06
1.371000000000000000e+03 1.432119185041088348e-06
1.372000000000000000e+03 1.433863032953714514e-06
1.373000000000000000e+03 1.435611641811474768e-06
1.374000000000000000e+03 1.437364664557212504e-06
1.375000000000000000e+03 1.439122989051364265e-06
1.376000000000000000e+03 1.440886263322650603e-06
1.377000000000000000e+03 1.442655376920729986e-06
1.378000000000000000e+03 1.444429973381227592e-06
1.379000000000000000e+03 1.446210944394880104e-06
1.380000000000000000e+03 1.447997929222544726e-06
1.381000000000000000e+03 1.449791800606235859e-06
1.382000000000000000e+03 1.451592193608647334e-06
1.383000000000000000e+03 1.453399994093946022e-06
1.384000000000000000e+03 1.455214833169602864e-06
1.385000000000000000e+03 1.457037580531717877e-06
1.386000000000000000e+03 1.458867863394128576e-06
1.387000000000000000e+03 1.460706565794397938e-06
1.388000000000000000e+03 1.462553289883846743e-06
1.389000000000000000e+03 1.464408925720930269e-06
1.390000000000000000e+03 1.466273039685594158e-06
1.391000000000000000e+03 1.468146526123973197e-06
1.392000000000000000e+03 1.470028971477996006e-06
1.393000000000000000e+03 1.471921252655063150e-06
1.394000000000000000e+03 1.473822937640197942e-06
1.395000000000000000e+03 1.475734917176378348e-06
1.396000000000000000e+03 1.477656727048111786e-06
1.397000000000000000e+03 1.479589263734962762e-06
1.398000000000000000e+03 1.481532042883640548e-06
1.399000000000000000e+03 1.483485965077120741e-06
1.400000000000000000e+03 1.485450550263690237e-06
1.401000000000000000e+03 1.487426681425676464e-06
1.402000000000000000e+03 1.489413873978299034e-06
1.403000000000000000e+03 1.491412982379560020e-06
1.404000000000000000e+03 1.493423515771860289e-06
1.405000000000000000e+03 1.495446334368656747e-06
1.406000000000000000e+03 1.497480940606631188e-06
1.407000000000000000e+03 1.499528193516547470e-06
1.408000000000000000e+03 1.501587546034130643e-06
1.409000000000000000e+03 1.503659876695273263e-06
1.410000000000000000e+03 1.505744631404113754e-06
1.411000000000000000e+03 1.507842676290772012e-06
1.412000000000000000e+03 1.509953444740767414e-06
1.413000000000000000e+03 1.512077777308481201e-06
1.414000000000000000e+03 1.514215137235192254e-06
1.415000000000000000e+03 1.516366330322348387e-06
1.416000000000000000e+03 1.518530786104679321e-06
1.417000000000000000e+03 1.520709332207971022e-06
1.418000000000000000e+03 1.522901380603360615e-06
1.419000000000000000e+03 1.525107742376895295e-06
1.420000000000000000e+03 1.527327814840562109e-06
1.421000000000000000e+03 1.529562421656485567e-06
1.422000000000000000e+03 1.531810904101715158e-06
1.423000000000000000e+03 1.534074110411596554e-06
1.424000000000000000e+03 1.536351369159576249e-06
1.425000000000000000e+03 1.538643497984398926e-06
1.426000000000000000e+03 1.540949829061684492e-06
1.427000000000000000e+03 1.543271167376204415e-06
1.428000000000000000e+03 1.545606816867723658e-06
1.429000000000000000e+03 1.547957573375986473e-06
1.430000000000000000e+03 1.550322742470849650e-06
1.431000000000000000e+03 1.552703091032484841e-06
1.432000000000000000e+03 1.555097917243278142e-06
1.433000000000000000e+03 1.557507970627592992e-06
1.434000000000000000e+03 1.559932540143430175e-06
1.435000000000000000e+03 1.562372361199223494e-06
1.436000000000000000e+03 1.564826712728394285e-06
1.437000000000000000e+03 1.567296317677285949e-06
1.438000000000000000e+03 1.569780422826982103e-06
1.439000000000000000e+03 1.572279761314350365e-06
1.440000000000000000e+03 1.574793558343777928e-06
1.441000000000000000e+03 1.577322525910608904e-06
1.442000000000000000e+03 1.579865891361315610e-06
1.443000000000000000e+03 1.582424353971877152e-06
1.444000000000000000e+03 1.584997112059027791e-06
1.445000000000000000e+03 1.587584854082836181e-06
1.446000000000000000e+03 1.590186779787729672e-06
1.447000000000000000e+03 1.592803546163920113e-06
1.448000000000000000e+03 1.595434345042912567e-06
1.449000000000000000e+03 1.598079813154239125e-06
1.450000000000000000e+03 1.600739132516072664e-06
1.451000000000000000e+03 1.603412922946732584e-06
1.452000000000000000e+03 1.606100355663478028e-06
1.453000000000000000e+03 1.608802034996660391e-06
1.454000000000000000e+03 1.611517120652552702e-06
1.455000000000000000e+03 1.614246202676256738e-06
1.456000000000000000e+03 1.616988407195779087e-06
1.457000000000000000e+03 1.619744354047205664e-06
1.458000000000000000e+03 1.622513102725143230e-06
1.459000000000000000e+03 1.625295303452359570e-06
1.460000000000000000e+03 1.628089973385586415e-06
1.461000000000000000e+03 1.630897733736801622e-06
1.462000000000000000e+03 1.633717631222334108e-06
1.463000000000000000e+03 1.636550252871253101e-06
1.464000000000000000e+03 1.639394623521048300e-06
1.465000000000000000e+03 1.642251331495676999e-06
1.466000000000000000e+03 1.645119362914243177e-06
1.467000000000000000e+03 1.647999300258531544e-06
1.468000000000000000e+03 1.650890123627897058e-06
1.469000000000000000e+03 1.653792386758823638e-06
1.470000000000000000e+03 1.656705077173392355e-06
1.471000000000000000e+03 1.659628730600756627e-06
1.472000000000000000e+03 1.662562307795469959e-06
1.473000000000000000e+03 1.665506329125986159e-06
1.474000000000000000e+03 1.668459758101507285e-06
1.475000000000000000e+03 1.671423100858072264e-06
1.476000000000000000e+03 1.674395291579404182e-06
1.477000000000000000e+03 1.677376823227534138e-06
1.478000000000000000e+03 1.680366631531782332e-06
1.479000000000000000e+03 1.683365196868628908e-06
1.480000000000000000e+03 1.686371424656836949e-06
1.481000000000000000e+03 1.689385783053043815e-06
1.482000000000000000e+03 1.692407178257480737e-06
1.483000000000000000e+03 1.695436066795330761e-06
1.484000000000000000e+03 1.698471301677161227e-06
1.485000000000000000e+03 1.701513394788281495e-06
1.486000000000000000e+03 1.704561144027383549e-06
1.487000000000000000e+03 1.707615061264048828e-06
1.488000000000000000e+03 1.710673927320638137e-06
1.489000000000000000e+03 1.713738257183989289e-06
1.490000000000000000e+03 1.716806808436664060e-06
1.491000000000000000e+03 1.719880075660018316e-06
1.492000000000000000e+03 1.722956837920074800e-06
1.493000000000000000e+03 1.726037579817704347e-06
1.494000000000000000e+03 1.729121035085858287e-06
1.495000000000000000e+03 1.732207702887296764e-06
1.496000000000000000e+03 1.735296288944777812e-06
1.497000000000000000e+03 1.738387296589064222e-06
1.498000000000000000e+03 1.741479429439459534e-06
1.499000000000000000e+03 1.744573170296665741e-06
1.500000000000000000e+03 1.747667210879842209e-06
1.501000000000000000e+03 1.750762068928127960e-06
1.502000000000000000e+03 1.753856377320904463e-06
1.503000000000000000e+03 1.756950645710569034e-06
1.504000000000000000e+03 1.760043515308019794e-06
1.505000000000000000e+03 1.763135494566796024e-06
1.506000000000000000e+03 1.766225215882177205e-06
1.507000000000000000e+03 1.769313187244431923e-06
1.508000000000000000e+03 1.772398029358693372e-06
1.509000000000000000e+03 1.775480249991162820e-06
1.510000000000000000e+03 1.778558457280790972e-06
1.511000000000000000e+03 1.781633181712212617e-06
1.512000000000000000e+03 1.784702995688972363e-06
1.513000000000000000e+03 1.787768441109367024e-06
1.514000000000000000e+03 1.790828088933402675e-06
1.515000000000000000e+03 1.793882489976105094e-06
1.516000000000000000e+03 1.796930205347877583e-06
1.517000000000000000e+03 1.799971747678863901e-06
1.518000000000000000e+03 1.803005735557204197e-06
1.519000000000000000e+03 1.806032665887980597e-06
1.520000000000000000e+03 1.809051111421485894e-06
1.521000000000000000e+03 1.812061627528776425e-06
1.522000000000000000e+03 1.815062767055195983e-06
1.523000000000000000e+03 1.818055089113530408e-06
1.524000000000000000e+03 1.821037154289755048e-06
1.525000000000000000e+03 1.824009530137161397e-06
1.526000000000000000e+03 1.826970798455230013e-06
1.527000000000000000e+03 1.829921489118283670e-06
1.528000000000000000e+03 1.832860191907508314e-06
1.529000000000000000e+03 1.835787468032660455e-06
1.530000000000000000e+03 1.838701911934198902e-06
1.531000000000000000e+03 1.841604075690330726e-06
1.532000000000000000e+03 1.844492556847210800e-06
1.533000000000000000e+03 1.847367907055903787e-06
1.534000000000000000e+03 1.850228772402649669e-06
1.535000000000000000e+03 1.853075683110353865e-06
1.536000000000000000e+03 1.855907286930201897e-06
1.537000000000000000e+03 1.858724151704831289e-06
1.538000000000000000e+03 1.861524932644831048e-06
1.539000000000000000e+03 1.864310215741047508e-06
1.540000000000000000e+03 1.867078640393881441e-06
1.541000000000000000e+03 1.869830806943039705e-06
1.542000000000000000e+03 1.872565373678186607e-06
1.543000000000000000e+03 1.875282954048734322e-06
1.544000000000000000e+03 1.877982216213558953e-06
1.545000000000000000e+03 1.880663809212694162e-06
1.546000000000000000e+03 1.883326386432229726e-06
1.547000000000000000e+03 1.885970620638277831e-06
1.548000000000000000e+03 1.888595208014781564e-06
1.549000000000000000e+03 1.891200795759999484e-06
1.550000000000000000e+03 1.893786125392928359e-06
1.551000000000000000e+03 1.896351863533782315e-06
1.552000000000000000e+03 1.898896734538702103e-06
1.553000000000000000e+03 1.901421464267416830e-06
1.554000000000000000e+03 1.903924778485840085e-06
1.555000000000000000e+03 1.906407415357031986e-06
1.556000000000000000e+03 1.908868128330862138e-06
1.557000000000000000e+03 1.911307673732933807e-06
1.558000000000000000e+03 1.913724822462975538e-06
1.559000000000000000e+03 1.916120372306853310e-06
1.560000000000000000e+03 1.918493086403535013e-06
1.561000000000000000e+03 1.920843791988131299e-06
1.562000000000000000e+03 1.923171278418333756e-06
1.563000000000000000e+03 1.925476376033605069e-06
1.564000000000000000e+03 1.927757914179468072e-06
1.565000000000000000e+03 1.930016759655083068e-06
1.566000000000000000e+03 1.932251745319266079e-06
1.567000000000000000e+03 1.934463764497977573e-06
1.568000000000000000e+03 1.936651684345458670e-06
1.569000000000000000e+03 1.938816422529361324e-06
1.570000000000000000e+03 1.940956847018234484e-06
1.571000000000000000e+03 1.943073921805833930e-06
1.572000000000000000e+03 1.945166524651062700e-06
1.573000000000000000e+03 1.947235653095623897e-06
1.574000000000000000e+03 1.949280196276200786e-06
1.575000000000000000e+03 1.951301204740639663e-06
1.576000000000000000e+03 1.953297556661490833e-06
1.577000000000000000e+03 1.955270318882719557e-06
1.578000000000000000e+03 1.957218439180910304e-06
1.579000000000000000e+03 1.959143008232836398e-06
1.580000000000000000e+03 1.961042988610525283e-06
1.581000000000000000e+03 1.962919472077485086e-06
1.582000000000000000e+03 1.964771463134340428e-06
1.583000000000000000e+03 1.966600088730456063e-06
1.584000000000000000e+03 1.968404360339379643e-06
1.585000000000000000e+03 1.970185453602921293e-06
1.586000000000000000e+03 1.971942394865883629e-06
1.587000000000000000e+03 1.973676371890798921e-06
1.588000000000000000e+03 1.975386449382357493e-06
1.589000000000000000e+03 1.977073834780466579e-06
1.590000000000000000e+03 1.978737596779194724e-06
1.591000000000000000e+03 1.980379008351019563e-06
1.592000000000000000e+03 1.981997127658817667e-06
1.593000000000000000e+03 1.983593270207841020e-06
1.594000000000000000e+03 1.985166518939010511e-06
1.595000000000000000e+03 1.986718180062390178e-06
1.596000000000000000e+03 1.988247397922675703e-06
1.597000000000000000e+03 1.989755511267403292e-06
1.598000000000000000e+03 1.991241678989827331e-06
1.599000000000000000e+03 1.992707241841740585e-06
1.600000000000000000e+03 1.994151377797406576e-06
1.601000000000000000e+03 1.995575461672781149e-06
1.602000000000000000e+03 1.996978712270260650e-06
1.603000000000000000e+03 1.998362506357610475e-06
1.604000000000000000e+03 1.999726091098107149e-06
1.605000000000000000e+03 2.001070876123739244e-06
1.606000000000000000e+03 2.002396088864551581e-06
1.607000000000000000e+03 2.003703184285290952e-06
1.608000000000000000e+03 2.004991412365573540e-06
1.609000000000000000e+03 2.006262237092028735e-06
1.610000000000000000e+03 2.007514945583108227e-06
1.611000000000000000e+03 2.008750995908521128e-06
1.612000000000000000e+03 2.009969700024267085e-06
1.613000000000000000e+03 2.011172543269396224e-06
1.614000000000000000e+03 2.012358836405539643e-06
1.615000000000000000e+03 2.013530105090876592e-06
1.616000000000000000e+03 2.014685668338806038e-06
1.617000000000000000e+03 2.015827078682732703e-06
1.618000000000000000e+03 2.016953642287080742e-06
1.619000000000000000e+03 2.018066934574056582e-06
1.620000000000000000e+03 2.019166303848693056e-06
1.621000000000000000e+03 2.020253324361705557e-06
1.622000000000000000e+03 2.021327323617908562e-06
1.623000000000000000e+03 2.022389926919321269e-06
1.624000000000000000e+03 2.023440479963629953e-06
1.625000000000000000e+03 2.024480573766133672e-06
1.626000000000000000e+03 2.025509607617061954e-06
1.627000000000000000e+03 2.026529187403214038e-06
1.628000000000000000e+03 2.027538699373157349e-06
1.629000000000000000e+03 2.028539758653917218e-06
1.630000000000000000e+03 2.029531775130102113e-06
1.631000000000000000e+03 2.030516372209552955e-06
1.632000000000000000e+03 2.031492953601936877e-06
1.633000000000000000e+03 2.032463150604844596e-06
1.634000000000000000e+03 2.033426369159604435e-06
1.635000000000000000e+03 2.034384269104479354e-06
1.636000000000000000e+03 2.035336259610603759e-06
1.637000000000000000e+03 2.036283997139087218e-06
1.638000000000000000e+03 2.037226894410774657e-06
1.639000000000000000e+03 2.038166611957299201e-06
1.640000000000000000e+03 2.039102565995989172e-06
1.641000000000000000e+03 2.040036442664887624e-06
1.642000000000000000e+03 2.040967640951264964e-06
1.643000000000000000e+03 2.041897841296216306e-06
1.644000000000000000e+03 2.042826477264954408e-06
1.645000000000000000e+03 2.043755189853055560e-06
1.646000000000000000e+03 2.044683428368095224e-06
1.647000000000000000e+03 2.045612858018256739e-06
1.648000000000000000e+03 2.046542898301072128e-06
1.649000000000000000e+03 2.047475223378399578e-06
1.650000000000000000e+03 2.048409262210362412e-06
1.651000000000000000e+03 2.049346674763753643e-06
1.652000000000000000e+03 2.050286892915670541e-06
1.653000000000000000e+03 2.051231592054685489e-06
1.654000000000000000e+03 2.052180185740712981e-06
1.655000000000000000e+03 2.053134336154722341e-06
1.656000000000000000e+03 2.054093448586307212e-06
1.657000000000000000e+03 2.055059200939983633e-06
1.658000000000000000e+03 2.056030992623107155e-06
1.659000000000000000e+03 2.057010468463109571e-06
1.660000000000000000e+03 2.057997042992753209e-06
1.661000000000000000e+03 2.058992366757945565e-06
1.662000000000000000e+03 2.059995859809206239e-06
1.663000000000000000e+03 2.061009132760916304e-06
1.664000000000000000e+03 2.062031608911815938e-06
1.665000000000000000e+03 2.063064898733111389e-06
1.666000000000000000e+03 2.064108407969358445e-06
1.667000000000000000e+03 2.065163761865060226e-06
1.668000000000000000e+03 2.066230318687234129e-06
1.669000000000000000e+03 2.067309728286260098e-06
1.670000000000000000e+03 2.068401343168783458e-06
1.671000000000000000e+03 2.069506786170678934e-06
1.672000000000000000e+03 2.070625400456188595e-06
1.673000000000000000e+03 2.071758818439591165e-06
1.674000000000000000e+03 2.072906354962759731e-06
1.675000000000000000e+03 2.074069625568495486e-06
1.676000000000000000e+03 2.075247966074837675e-06
1.677000000000000000e+03 2.076442945837674894e-06
1.678000000000000000e+03 2.077653885999178207e-06
1.679000000000000000e+03 2.078882389834155586e-06
1.680000000000000000e+03 2.080127731308854583e-06
1.681000000000000000e+03 2.081391504678808162e-06
1.682000000000000000e+03 2.082672996655670274e-06
1.683000000000000000e+03 2.083973759723226876e-06
1.684000000000000000e+03 2.085293059965353378e-06
1.685000000000000000e+03 2.086632467144288032e-06
1.686000000000000000e+03 2.087991234480890595e-06
1.687000000000000000e+03 2.089370896786422388e-06
1.688000000000000000e+03 2.090770715022820894e-06
1.689000000000000000e+03 2.092192187637411128e-06
1.690000000000000000e+03 2.093634556054523667e-06
1.691000000000000000e+03 2.095099334283913565e-06
1.692000000000000000e+03 2.096585732927320962e-06
1.693000000000000000e+03 2.098095248074829003e-06
1.694000000000000000e+03 2.099627071216827124e-06
1.695000000000000000e+03 2.101182707164761406e-06
1.696000000000000000e+03 2.102761331650656009e-06
1.697000000000000000e+03 2.104364413030927819e-06
1.698000000000000000e+03 2.105991112968217300e-06
1.699000000000000000e+03 2.107642881060781774e-06
1.700000000000000000e+03 2.109318866247972608e-06
1.701000000000000000e+03 2.111020522949144781e-06
1.702000000000000000e+03 2.112746969384360820e-06
1.703000000000000000e+03 2.114499620486789980e-06
1.704000000000000000e+03 2.116277611094898353e-06
1.705000000000000000e+03 2.118082335112256507e-06
1.706000000000000000e+03 2.119912891022523970e-06
1.707000000000000000e+03 2.121770656466732965e-06
1.708000000000000000e+03 2.123654727773988091e-06
1.709000000000000000e+03 2.125566450286276471e-06
1.710000000000000000e+03 2.127504912100396688e-06
1.711000000000000000e+03 2.129471456062084455e-06
1.712000000000000000e+03 2.131465125122818360e-06
1.713000000000000000e+03 2.133487253939745166e-06
1.714000000000000000e+03 2.135536858322424581e-06
1.715000000000000000e+03 2.137615282922238711e-06
1.716000000000000000e+03 2.139721502987946084e-06
1.717000000000000000e+03 2.141856846565855421e-06
1.718000000000000000e+03 2.144020278270580658e-06
1.719000000000000000e+03 2.146213098495647431e-06
1.720000000000000000e+03 2.148434255614385506e-06
1.721000000000000000e+03 2.150685033178211740e-06
1.722000000000000000e+03 2.152964363422440293e-06
1.723000000000000000e+03 2.155273498415022572e-06
1.724000000000000000e+03 2.157611354569230913e-06
1.725000000000000000e+03 2.159979181516290129e-06
1.726000000000000000e+03 2.162375843635634672e-06
1.727000000000000000e+03 2.164802600595406687e-06
1.728000000000000000e+03 2.167258283763058906e-06
1.729000000000000000e+03 2.169744135736838901e-06
1.730000000000000000e+03 2.172258941433970522e-06
1.731000000000000000e+03 2.174803950871653708e-06
1.732000000000000000e+03 2.177377932267290665e-06
1.733000000000000000e+03 2.179982099751176195e-06
1.734000000000000000e+03 2.182615199754016706e-06
1.735000000000000000e+03 2.185278445087738334e-06
1.736000000000000000e+03 2.187970542154875029e-06
1.737000000000000000e+03 2.190692679578193863e-06
1.738000000000000000e+03 2.193443550924697232e-06
1.739000000000000000e+03 2.196224329480613153e-06
1.740000000000000000e+03 2.199033689274366842e-06
1.741000000000000000e+03 2.201872772818697531e-06
1.742000000000000000e+03 2.204740233943466357e-06
1.743000000000000000e+03 2.207637212508105563e-06
1.744000000000000000e+03 2.210562323957618047e-06
1.745000000000000000e+03 2.213516663924219304e-06
1.746000000000000000e+03 2.216498853888929576e-06
1.747000000000000000e+03 2.219509962771836348e-06
1.748000000000000000e+03 2.222548566817712153e-06
1.749000000000000000e+03 2.225615712783147343e-06
1.750000000000000000e+03 2.228709963773727938e-06
1.751000000000000000e+03 2.231832364388016099e-06
1.752000000000000000e+03 2.234981423300653755e-06
1.753000000000000000e+03 2.238158175791214345e-06
1.754000000000000000e+03 2.241361110375316915e-06
1.755000000000000000e+03 2.244591251436361089e-06
1.756000000000000000e+03 2.247847044752141407e-06
1.757000000000000000e+03 2.251129504023338103e-06
1.758000000000000000e+03 2.254437040838031176e-06
1.759000000000000000e+03 2.257770657580198485e-06
1.760000000000000000e+03 2.261128733956299967e-06
1.761000000000000000e+03 2.264512243680920605e-06
1.762000000000000000e+03 2.267919553136961007e-06
1.763000000000000000e+03 2.271351616328100124e-06
1.764000000000000000e+03 2.274806760438285101e-06
1.765000000000000000e+03 2.278285922011309827e-06
1.766000000000000000e+03 2.281787413504067069e-06
1.767000000000000000e+03 2.285312137785259513e-06
1.768000000000000000e+03 2.288858402848022596e-06
1.769000000000000000e+03 2.292427069706574241e-06
1.770000000000000000e+03 2.296016413450215217e-06
1.771000000000000000e+03 2.299627300137213731e-06
1.772000000000000000e+03 2.303257960439469496e-06
1.773000000000000000e+03 2.306909251464990686e-06
1.774000000000000000e+03 2.310579351197008967e-06
1.775000000000000000e+03 2.314269122525443364e-06
1.776000000000000000e+03 2.317976719615504132e-06
1.777000000000000000e+03 2.321702984235718644e-06
1.778000000000000000e+03 2.325446023525907068e-06
1.779000000000000000e+03 2.329206681800358111e-06
1.780000000000000000e+03 2.332983027419803814e-06
1.781000000000000000e+03 2.336775881902056080e-06
1.782000000000000000e+03 2.340583294260094433e-06
1.783000000000000000e+03 2.344406052967334799e-06
1.784000000000000000e+03 2.348242197548148787e-06
1.785000000000000000e+03 2.352092493631638058e-06
1.786000000000000000e+03 2.355954943314998537e-06
1.787000000000000000e+03 2.359830326546987136e-06
1.788000000000000000e+03 2.363716614316776179e-06
1.789000000000000000e+03 2.367614550478134479e-06
1.790000000000000000e+03 2.371522075902620126e-06
1.791000000000000000e+03 2.375439946851531973e-06
1.792000000000000000e+03 2.379366039517201899e-06
1.793000000000000000e+03 2.383301125167002145e-06
1.794000000000000000e+03 2.387243050718929253e-06
1.795000000000000000e+03 2.391192556296604012e-06
1.796000000000000000e+03 2.395147455187603858e-06
1.797000000000000000e+03 2.399108487760884202e-06
1.798000000000000000e+03 2.403073433897292067e-06
1.799000000000000000e+03 2.407043028074064784e-06
1.800000000000000000e+03 2.411015034491385397e-06
1.801000000000000000e+03 2.414990163598544990e-06
1.802000000000000000e+03 2.418966173563912663e-06
1.803000000000000000e+03 2.422943742083567620e-06
1.804000000000000000e+03 2.426920627451505805e-06
1.805000000000000000e+03 2.430897502316398074e-06
1.806000000000000000e+03 2.434872097147119963e-06
1.807000000000000000e+03 2.438845091898806603e-06
1.808000000000000000e+03 2.442814177080894405e-06
1.809000000000000000e+03 2.446780031110100840e-06
1.810000000000000000e+03 2.450740330880967277e-06
1.811000000000000000e+03 2.454695751608033624e-06
1.812000000000000000e+03 2.458643932662346487e-06
1.813000000000000000e+03 2.462585545572452305e-06
1.814000000000000000e+03 2.466518218301556681e-06
1.815000000000000000e+03 2.470442618474761019e-06
1.816000000000000000e+03 2.474356355452231468e-06
1.817000000000000000e+03 2.478260092679082117e-06
1.818000000000000000e+03 2.482151420852769575e-06
1.819000000000000000e+03 2.486031000352349833e-06
1.820000000000000000e+03 2.489896402445125078e-06
1.821000000000000000e+03 2.493748301998291992e-06
1.822000000000000000e+03 2.497584251528035433e-06
1.823000000000000000e+03 2.501404915864166763e-06
1.824000000000000000e+03 2.505207846031344076e-06
1.825000000000000000e+03 2.508993702761529476e-06
1.826000000000000000e+03 2.512760028537743689e-06
1.827000000000000000e+03 2.516507482786371622e-06
1.828000000000000000e+03 2.520233598438677660e-06
1.829000000000000000e+03 2.523939050882142121e-06
1.830000000000000000e+03 2.527621379309498531e-06
1.831000000000000000e+03 2.531281251288714652e-06
1.832000000000000000e+03 2.534916204671506106e-06
1.833000000000000000e+03 2.538526923345660450e-06
1.834000000000000000e+03 2.542110942441272263e-06
1.835000000000000000e+03 2.545668956291228643e-06
1.836000000000000000e+03 2.549198513263408283e-06
1.837000000000000000e+03 2.552700316587692651e-06
1.838000000000000000e+03 2.556171903021908527e-06
1.839000000000000000e+03 2.559614002315804581e-06
1.840000000000000000e+03 2.563024163176919716e-06
1.841000000000000000e+03 2.566403150243935215e-06
1.842000000000000000e+03 2.569748500980468910e-06
1.843000000000000000e+03 2.573060988525677882e-06
1.844000000000000000e+03 2.576338179325403706e-06
1.845000000000000000e+03 2.579580861122638269e-06
1.846000000000000000e+03 2.582786615727213689e-06
1.847000000000000000e+03 2.585956246724409037e-06
1.848000000000000000e+03 2.589087331084670060e-06
1.849000000000000000e+03 2.592180689185497330e-06
1.850000000000000000e+03 2.595233934135004144e-06
1.851000000000000000e+03 2.598247888119135638e-06
1.852000000000000000e+03 2.601220153108590386e-06
1.853000000000000000e+03 2.604151609854439505e-06
1.854000000000000000e+03 2.607039847335397100e-06
1.855000000000000000e+03 2.609885783911086831e-06
1.856000000000000000e+03 2.612687023678231171e-06
1.857000000000000000e+03 2.615444501814241279e-06
1.858000000000000000e+03 2.618155848358960824e-06
1.859000000000000000e+03 2.620822021848355282e-06
1.860000000000000000e+03 2.623440671531067626e-06
1.861000000000000000e+03 2.626012797409076761e-06
1.862000000000000000e+03 2.628536066708407615e-06
1.863000000000000000e+03 2.631011528446649986e-06
1.864000000000000000e+03 2.633436852683937935e-06
1.865000000000000000e+03 2.635813127675633399e-06
1.866000000000000000e+03 2.638138051278977774e-06
1.867000000000000000e+03 2.640412733028149530e-06
1.868000000000000000e+03 2.642634907766747782e-06
1.869000000000000000e+03 2.644805744629401540e-06
1.870000000000000000e+03 2.646922992293455400e-06
1.871000000000000000e+03 2.648987849489226998e-06
1.872000000000000000e+03 2.650998115369413250e-06
1.873000000000000000e+03 2.652955008055615446e-06
1.874000000000000000e+03 2.654856364128587102e-06
1.875000000000000000e+03 2.656703442916371810e-06
1.876000000000000000e+03 2.658494114701841838e-06
1.877000000000000000e+03 2.660229675834264909e-06
1.878000000000000000e+03 2.661908014895800803e-06
1.879000000000000000e+03 2.663530492821403914e-06
1.880000000000000000e+03 2.665095023413697622e-06
1.881000000000000000e+03 2.666603017891031069e-06
1.882000000000000000e+03 2.668052402639060362e-06
1.883000000000000000e+03 2.669444633695595981e-06
1.884000000000000000e+03 2.670777672364254889e-06
1.885000000000000000e+03 2.672053018606723179e-06
1.886000000000000000e+03 2.673268693823704104e-06
1.887000000000000000e+03 2.674426196663806928e-06
1.888000000000000000e+03 2.675523606244755170e-06
1.889000000000000000e+03 2.676562455322833259e-06
1.890000000000000000e+03 2.677540856819366060e-06
1.891000000000000000e+03 2.678460389329587771e-06
1.892000000000000000e+03 2.679319203004363285e-06
1.893000000000000000e+03 2.680118915056088909e-06
1.894000000000000000e+03 2.680857699439699888e-06
1.895000000000000000e+03 2.681537237032202444e-06
1.896000000000000000e+03 2.682155731748105802e-06
1.897000000000000000e+03 2.682714899063769831e-06
1.898000000000000000e+03 2.683212988535590887e-06
1.899000000000000000e+03 2.683651753231617380e-06
1.900000000000000000e+03 2.684029481497831495e-06
1.901000000000000000e+03 2.684347963176981071e-06
1.902000000000000000e+03 2.684605510736782260e-06
1.903000000000000000e+03 2.684803976158071307e-06
1.904000000000000000e+03 2.684941701402552709e-06
1.905000000000000000e+03 2.685020558838677765e-06
1.906000000000000000e+03 2.685038960207309620e-06
1.907000000000000000e+03 2.684998783310967871e-06
1.908000000000000000e+03 2.684898477066393614e-06
1.909000000000000000e+03 2.684739962511929997e-06
1.910000000000000000e+03 2.684521701671753173e-06
1.911000000000000000e+03 2.684245661586345007e-06
1.912000000000000000e+03 2.683910343556554198e-06
1.913000000000000000e+03 2.683517726807815686e-06
1.914000000000000000e+03 2.683066358989360238e-06
1.915000000000000000e+03 2.682558241767347879e-06
1.916000000000000000e+03 2.681991949890327156e-06
1.917000000000000000e+03 2.681369544537466038e-06
1.918000000000000000e+03 2.680689618972242888e-06
1.919000000000000000e+03 2.679954273923203022e-06
1.920000000000000000e+03 2.679162162010128262e-06
1.921000000000000000e+03 2.678315406640309926e-06
1.922000000000000000e+03 2.677412714028786139e-06
1.923000000000000000e+03 2.676456221417919309e-06
1.924000000000000000e+03 2.675444643767032897e-06
1.925000000000000000e+03 2.674380125628648769e-06
1.926000000000000000e+03 2.673261373524713460e-06
1.927000000000000000e+03 2.672090536433249920e-06
1.928000000000000000e+03 2.670866365802357024e-06
1.929000000000000000e+03 2.669591052498467000e-06
1.930000000000000000e+03 2.668263378184624241e-06
1.931000000000000000e+03 2.666885560546917277e-06
1.932000000000000000e+03 2.665456420559058292e-06
1.933000000000000000e+03 2.663978198797449475e-06
1.934000000000000000e+03 2.662449747323471986e-06
1.935000000000000000e+03 2.660873316025184819e-06
1.936000000000000000e+03 2.659247786394284316e-06
1.937000000000000000e+03 2.657575420380276250e-06
1.938000000000000000e+03 2.655855106748887499e-06
1.939000000000000000e+03 2.654089120765399355e-06
1.940000000000000000e+03 2.652276378205635533e-06
1.941000000000000000e+03 2.650419176200964246e-06
1.942000000000000000e+03 2.648516461926486360e-06
1.943000000000000000e+03 2.646570520177083667e-06
1.944000000000000000e+03 2.644580316640008158e-06
1.945000000000000000e+03 2.642548144294643216e-06
1.946000000000000000e+03 2.640473006298637643e-06
1.947000000000000000e+03 2.638357219392503572e-06
1.948000000000000000e+03 2.636199789123164345e-06
1.949000000000000000e+03 2.634003028585086818e-06
1.950000000000000000e+03 2.631765947254899083e-06
1.951000000000000000e+03 2.629490878372422313e-06
1.952000000000000000e+03 2.627176868076479417e-06
1.953000000000000000e+03 2.624826250891931605e-06
1.954000000000000000e+03 2.622438096530469416e-06
1.955000000000000000e+03 2.620014726947982927e-06
1.956000000000000000e+03 2.617555224904633233e-06
1.957000000000000000e+03 2.615061916327157245e-06
1.958000000000000000e+03 2.612533906789883571e-06
1.959000000000000000e+03 2.609973531743325424e-06
1.960000000000000000e+03 2.607379900582978632e-06
1.961000000000000000e+03 2.604755344365475060e-06
1.962000000000000000e+03 2.602098990517618422e-06
1.963000000000000000e+03 2.599413174950123825e-06
1.964000000000000000e+03 2.596697040633857956e-06
1.965000000000000000e+03 2.593952931920190020e-06
1.966000000000000000e+03 2.591179998341406726e-06
1.967000000000000000e+03 2.588380573571144795e-06
1.968000000000000000e+03 2.585553830754131523e-06
1.969000000000000000e+03 2.582702104311130310e-06
1.970000000000000000e+03 2.579824577976852561e-06
1.971000000000000000e+03 2.576923589197502850e-06
1.972000000000000000e+03 2.573998327086118064e-06
1.973000000000000000e+03 2.571051127957099898e-06
1.974000000000000000e+03 2.568081195075257287e-06
1.975000000000000000e+03 2.565090860408969210e-06
1.976000000000000000e+03 2.562079345916301961e-06
1.977000000000000000e+03 2.559048977402618560e-06
1.978000000000000000e+03 2.555998991122572454e-06
1.979000000000000000e+03 2.552931711508567148e-06
1.980000000000000000e+03 2.549846389040808945e-06
1.981000000000000000e+03 2.546745346594921707e-06
1.982000000000000000e+03 2.543627849295373729e-06
1.983000000000000000e+03 2.540496203298642597e-06
1.984000000000000000e+03 2.537349731040002742e-06
1.985000000000000000e+03 2.534190729902298837e-06
1.986000000000000000e+03 2.531018532123003885e-06
1.987000000000000000e+03 2.527835467045395649e-06
1.988000000000000000e+03 2.524640872699163832e-06
1.989000000000000000e+03 2.521437062792542141e-06
1.990000000000000000e+03 2.518223393030387234e-06
1.991000000000000000e+03 2.515002229014668910e-06
1.992000000000000000e+03 2.511772943106927778e-06
1.993000000000000000e+03 2.508537873242967009e-06
1.994000000000000000e+03 2.505296430487895994e-06
1.995000000000000000e+03 2.502050922437106903e-06
1.996000000000000000e+03 2.498800695474064636e-06
1.997000000000000000e+03 2.495547912286795852e-06
1.998000000000000000e+03 2.492291601021105278e-06
1.999000000000000000e+03 2.489033245465081664e-06
2.000000000000000000e+03 2.485763234566104118e-06
