2.000000000000000000e+00 7.483589779590296094e-08
3.000000000000000000e+00 7.011236001761489224e-08
4.000000000000000000e+00 6.844236403284032292e-08
5.000000000000000000e+00 6.768510858497409060e-08
6.000000000000000000e+00 6.730141332390303418e-08
7.000000000000000000e+00 6.710154243511757635e-08
8.000000000000000000e+00 6.700317859685420089e-08
9.000000000000000000e+00 6.696651183393724185e-08
1.000000000000000000e+01 6.696973135228926175e-08
1.100000000000000000e+01 6.700070732296864821e-08
1.200000000000000000e+01 6.705145226543063287e-08
1.300000000000000000e+01 6.711736060566385508e-08
1.400000000000000000e+01 6.719500839689923393e-08
1.500000000000000000e+01 6.728234964662872583e-08
1.600000000000000000e+01 6.737772251615380051e-08
1.700000000000000000e+01 6.748014348846105263e-08
1.800000000000000000e+01 6.758867945196899606e-08
1.900000000000000000e+01 6.770282513791735344e-08
2.000000000000000000e+01 6.782202305589798140e-08
2.100000000000000000e+01 6.794601697881258309e-08
2.200000000000000000e+01 6.807445341468716773e-08
2.300000000000000000e+01 6.820721218433764749e-08
2.400000000000000000e+01 6.834405845280293394e-08
2.500000000000000000e+01 6.848493801558446083e-08
2.600000000000000000e+01 6.862970100886630457e-08
2.700000000000000000e+01 6.877832614576455014e-08
2.800000000000000000e+01 6.893070469723135416e-08
2.900000000000000000e+01 6.908683373296698232e-08
3.000000000000000000e+01 6.924665415427592097e-08
3.100000000000000000e+01 6.941017840057487211e-08
3.200000000000000000e+01 6.957732733625818006e-08
3.300000000000000000e+01 6.974816753902335950e-08
3.400000000000000000e+01 6.992263116509111045e-08
3.500000000000000000e+01 7.010077823498821025e-08
3.600000000000000000e+01 7.028257179633001858e-08
3.700000000000000000e+01 7.046805627551132046e-08
3.800000000000000000e+01 7.065721145800076624e-08
3.900000000000000000e+01 7.085008060681267113e-08
4.000000000000000000e+01 7.104666602210176992e-08
4.100000000000000000e+01 7.124698050954592704e-08
4.200000000000000000e+01 7.145105087044406946e-08
4.300000000000000000e+01 7.165890655595098462e-08
4.400000000000000000e+01 7.187058544658231787e-08
4.500000000000000000e+01 7.208612163905592172e-08
4.600000000000000000e+01 7.230551674578502481e-08
4.700000000000000000e+01 7.252881154479683788e-08
4.800000000000000000e+01 7.275604029717600977e-08
4.900000000000000000e+01 7.298724679114363157e-08
5.000000000000000000e+01 7.322243822110533089e-08
5.100000000000000000e+01 7.346166347811504752e-08
5.200000000000000000e+01 7.370495947499006437e-08
5.300000000000000000e+01 7.395234365962496169e-08
5.400000000000000000e+01 7.420389815004808274e-08
5.500000000000000000e+01 7.445962947554140655e-08
5.600000000000000000e+01 7.471957615947443387e-08
5.700000000000000000e+01 7.498377374856944554e-08
5.800000000000000000e+01 7.525227894119820258e-08
5.900000000000000000e+01 7.552513714466965759e-08
6.000000000000000000e+01 7.580238245365249183e-08
6.100000000000000000e+01 7.608406781466224620e-08
6.200000000000000000e+01 7.637024716253009567e-08
6.300000000000000000e+01 7.666095246008062142e-08
6.400000000000000000e+01 7.695624548813717936e-08
6.500000000000000000e+01 7.725617716519054308e-08
6.600000000000000000e+01 7.756078963023066007e-08
6.700000000000000000e+01 7.787014202436227634e-08
6.800000000000000000e+01 7.818427087697963221e-08
6.900000000000000000e+01 7.850324135908075726e-08
7.000000000000000000e+01 7.882708778047122517e-08
7.100000000000000000e+01 7.915590127944937350e-08
7.200000000000000000e+01 7.948971449865973156e-08
7.300000000000000000e+01 7.982859046601287231e-08
7.400000000000000000e+01 8.017258234320307777e-08
7.500000000000000000e+01 8.052176480384152185e-08
7.600000000000000000e+01 8.087618045745574068e-08
7.700000000000000000e+01 8.123590891145783391e-08
7.800000000000000000e+01 8.160099104021037226e-08
7.900000000000000000e+01 8.197151041298087638e-08
8.000000000000000000e+01 8.234752519651777290e-08
8.100000000000000000e+01 8.272910496200359378e-08
8.200000000000000000e+01 8.311629936156449771e-08
8.300000000000000000e+01 8.350920719139985950e-08
8.400000000000000000e+01 8.390786042116678542e-08
8.500000000000000000e+01 8.431237047045415557e-08
8.600000000000000000e+01 8.472277809727399065e-08
8.700000000000000000e+01 8.513918791787003037e-08
8.800000000000000000e+01 8.556164396290036832e-08
8.900000000000000000e+01 8.599025121937561899e-08
9.000000000000000000e+01 8.642507059314257411e-08
9.100000000000000000e+01 8.686619437854642977e-08
9.200000000000000000e+01 8.731367832356542792e-08
9.300000000000000000e+01 8.776763829500469367e-08
9.400000000000000000e+01 8.822813016492181078e-08
9.500000000000000000e+01 8.869526679887846234e-08
9.600000000000000000e+01 8.916910548397808872e-08
9.700000000000000000e+01 8.964976089643928222e-08
9.800000000000000000e+01 9.013729224524384027e-08
9.900000000000000000e+01 9.063182897886240095e-08
1.000000000000000000e+02 9.113342020916220100e-08
1.010000000000000000e+02 9.164220357433220148e-08
1.020000000000000000e+02 9.215823691852387090e-08
1.030000000000000000e+02 9.268165269903035489e-08
1.040000000000000000e+02 9.321252425155270106e-08
1.050000000000000000e+02 9.375098441047467928e-08
1.060000000000000000e+02 9.429709296236193924e-08
1.070000000000000000e+02 9.485099555729667387e-08
1.080000000000000000e+02 9.541277013080344166e-08
1.090000000000000000e+02 9.598254837394301818e-08
1.100000000000000000e+02 9.656041692785837891e-08
1.110000000000000000e+02 9.714651433603569192e-08
1.120000000000000000e+02 9.774093377434483806e-08
1.130000000000000000e+02 9.834381746808971133e-08
1.140000000000000000e+02 9.895525449681727212e-08
1.150000000000000000e+02 9.957539074581539710e-08
1.160000000000000000e+02 1.002043255935887676e-07
1.170000000000000000e+02 1.008422085650551207e-07
1.180000000000000000e+02 1.014891360235172147e-07
1.190000000000000000e+02 1.021452703736468720e-07
1.200000000000000000e+02 1.028107091680020995e-07
1.210000000000000000e+02 1.034856227779956556e-07
1.220000000000000000e+02 1.041701109187200730e-07
1.230000000000000000e+02 1.048643507693054098e-07
1.240000000000000000e+02 1.055684447089061913e-07
1.250000000000000000e+02 1.062825761879082210e-07
1.260000000000000000e+02 1.070068506104243901e-07
1.270000000000000000e+02 1.077414510108233935e-07
1.280000000000000000e+02 1.084864940456573140e-07
1.290000000000000000e+02 1.092421672614156658e-07
1.300000000000000000e+02 1.100085913087633099e-07
1.310000000000000000e+02 1.107859605554889688e-07
1.320000000000000000e+02 1.115743996058763891e-07
1.330000000000000000e+02 1.123741086653064280e-07
1.340000000000000000e+02 1.131852174488111245e-07
1.350000000000000000e+02 1.140079325788977218e-07
1.360000000000000000e+02 1.148423879205739404e-07
1.370000000000000000e+02 1.156887961493378368e-07
1.380000000000000000e+02 1.165472956381950445e-07
1.390000000000000000e+02 1.174181057666119302e-07
1.400000000000000000e+02 1.183013721591293215e-07
1.410000000000000000e+02 1.191973192822915547e-07
1.420000000000000000e+02 1.201060992950698750e-07
1.430000000000000000e+02 1.210279411973100397e-07
1.440000000000000000e+02 1.219630042722117786e-07
1.450000000000000000e+02 1.229115229747544469e-07
1.460000000000000000e+02 1.238736616331435251e-07
1.470000000000000000e+02 1.248496646024450187e-07
1.480000000000000000e+02 1.258396993243503963e-07
1.490000000000000000e+02 1.268440180653122289e-07
1.500000000000000000e+02 1.278627932266483366e-07
1.510000000000000000e+02 1.288962845642301292e-07
1.520000000000000000e+02 1.299446721486495090e-07
1.530000000000000000e+02 1.310082204742335589e-07
1.540000000000000000e+02 1.320871164092353467e-07
1.550000000000000000e+02 1.331816320808308151e-07
1.560000000000000000e+02 1.342919600519284231e-07
1.570000000000000000e+02 1.354183801133627115e-07
1.580000000000000000e+02 1.365610905332727100e-07
1.590000000000000000e+02 1.377203798727662748e-07
1.600000000000000000e+02 1.388964511166633533e-07
1.610000000000000000e+02 1.400895994590704238e-07
1.620000000000000000e+02 1.413000355899975925e-07
1.630000000000000000e+02 1.425280618480956564e-07
1.640000000000000000e+02 1.437738939937002323e-07
1.650000000000000000e+02 1.450378431793563060e-07
1.660000000000000000e+02 1.463201293254604927e-07
1.670000000000000000e+02 1.476210722616333022e-07
1.680000000000000000e+02 1.489408980798976109e-07
1.690000000000000000e+02 1.502799331624987593e-07
1.700000000000000000e+02 1.516384096516931461e-07
1.710000000000000000e+02 1.530166613285516270e-07
1.720000000000000000e+02 1.544149253157063476e-07
1.730000000000000000e+02 1.558335428965873101e-07
1.740000000000000000e+02 1.572727562778264326e-07
1.750000000000000000e+02 1.587329141887263274e-07
1.760000000000000000e+02 1.602142631277239482e-07
1.770000000000000000e+02 1.617171591251596124e-07
1.780000000000000000e+02 1.632418530123078351e-07
1.790000000000000000e+02 1.647887076412884624e-07
1.800000000000000000e+02 1.663579776396470506e-07
1.810000000000000000e+02 1.679500325493281322e-07
1.820000000000000000e+02 1.695651305427812190e-07
1.830000000000000000e+02 1.712036471012001007e-07
1.840000000000000000e+02 1.728658434902215826e-07
1.850000000000000000e+02 1.745521012213322330e-07
1.860000000000000000e+02 1.762626837128013164e-07
1.870000000000000000e+02 1.779979777970856108e-07
1.880000000000000000e+02 1.797582488406948515e-07
1.890000000000000000e+02 1.815438882374343118e-07
1.900000000000000000e+02 1.833551623484042340e-07
1.910000000000000000e+02 1.851924669372820624e-07
1.920000000000000000e+02 1.870560685426352591e-07
1.930000000000000000e+02 1.889463662714391799e-07
1.940000000000000000e+02 1.908636262213917552e-07
1.950000000000000000e+02 1.928082501836840663e-07
1.960000000000000000e+02 1.947805026588863848e-07
1.970000000000000000e+02 1.967807874209640344e-07
1.980000000000000000e+02 1.988093663154936947e-07
1.990000000000000000e+02 2.008666441034968650e-07
2.000000000000000000e+02 2.029528788198858706e-07
2.010000000000000000e+02 2.050684754442614714e-07
2.020000000000000000e+02 2.072136869855881791e-07
2.030000000000000000e+02 2.093889173371485869e-07
2.040000000000000000e+02 2.115944132542798181e-07
2.050000000000000000e+02 2.138305764039890832e-07
2.060000000000000000e+02 2.160976459245821651e-07
2.070000000000000000e+02 2.183960200358624076e-07
2.080000000000000000e+02 2.207259287955831776e-07
2.090000000000000000e+02 2.230877656549505844e-07
2.100000000000000000e+02 2.254817496495693143e-07
2.110000000000000000e+02 2.279082683875938306e-07
2.120000000000000000e+02 2.303675282932424063e-07
2.130000000000000000e+02 2.328599093133188597e-07
2.140000000000000000e+02 2.353856037818058021e-07
2.150000000000000000e+02 2.379449822570169725e-07
2.160000000000000000e+02 2.405382209319474281e-07
2.170000000000000000e+02 2.431656795044872866e-07
2.180000000000000000e+02 2.458275158235070409e-07
2.190000000000000000e+02 2.485240770236937587e-07
2.200000000000000000e+02 2.512555008230407617e-07
2.210000000000000000e+02 2.540221198850638313e-07
2.220000000000000000e+02 2.568240492506898991e-07
2.230000000000000000e+02 2.596616053776118763e-07
2.240000000000000000e+02 2.625348787567323220e-07
2.250000000000000000e+02 2.654441668921400435e-07
2.260000000000000000e+02 2.683895334653482908e-07
2.270000000000000000e+02 2.713712554716232074e-07
2.280000000000000000e+02 2.743893668591810809e-07
2.290000000000000000e+02 2.774441217598691226e-07
2.300000000000000000e+02 2.805355223455193022e-07
2.310000000000000000e+02 2.836637976223919709e-07
2.320000000000000000e+02 2.868289152514705458e-07
2.330000000000000000e+02 2.900310768110144024e-07
2.340000000000000000e+02 2.932702121626633135e-07
2.350000000000000000e+02 2.965464935361186801e-07
2.360000000000000000e+02 2.998598111278205431e-07
2.370000000000000000e+02 3.032103046426537083e-07
2.380000000000000000e+02 3.065978215791740667e-07
2.390000000000000000e+02 3.100224661180563466e-07
2.400000000000000000e+02 3.134840408861750439e-07
2.410000000000000000e+02 3.169826123679736338e-07
2.420000000000000000e+02 3.205179343890705394e-07
2.430000000000000000e+02 3.240900350065169724e-07
2.440000000000000000e+02 3.276986159244691838e-07
2.450000000000000000e+02 3.313436637135943421e-07
2.460000000000000000e+02 3.350248245471515408e-07
2.470000000000000000e+02 3.387420397696842404e-07
2.480000000000000000e+02 3.424948998151804601e-07
2.490000000000000000e+02 3.462832966523196004e-07
2.500000000000000000e+02 3.501067626233064094e-07
2.510000000000000000e+02 3.539651429367387052e-07
2.520000000000000000e+02 3.578579051924889521e-07
2.530000000000000000e+02 3.617848416154129382e-07
2.540000000000000000e+02 3.657453566107918498e-07
2.550000000000000000e+02 3.697391869418553602e-07
2.560000000000000000e+02 3.737656676211256567e-07
2.570000000000000000e+02 3.778244834077822417e-07
2.580000000000000000e+02 3.819148992988975386e-07
2.590000000000000000e+02 3.860365381210629477e-07
2.600000000000000000e+02 3.901885927564283241e-07
2.610000000000000000e+02 3.943706324613845836e-07
2.620000000000000000e+02 3.985817772323676075e-07
2.630000000000000000e+02 4.028215317281570065e-07
2.640000000000000000e+02 4.070889415752743352e-07
2.650000000000000000e+02 4.113834509818697296e-07
2.660000000000000000e+02 4.157040328159717312e-07
2.670000000000000000e+02 4.200500661121782713e-07
2.680000000000000000e+02 4.244204334385875394e-07
2.690000000000000000e+02 4.288144685118924448e-07
2.700000000000000000e+02 4.332309784125104150e-07
2.710000000000000000e+02 4.376692257351612514e-07
2.720000000000000000e+02 4.421279661677446936e-07
2.730000000000000000e+02 4.466063744063950020e-07
2.740000000000000000e+02 4.511031168218623939e-07
2.750000000000000000e+02 4.556173479643947727e-07
2.760000000000000000e+02 4.601476297905443494e-07
2.770000000000000000e+02 4.646930484512671320e-07
2.780000000000000000e+02 4.692521055001372832e-07
2.790000000000000000e+02 4.738238619759913513e-07
2.800000000000000000e+02 4.784067236862342025e-07
2.810000000000000000e+02 4.829996854663601340e-07
2.820000000000000000e+02 4.876011041364367649e-07
2.830000000000000000e+02 4.922099250891754475e-07
2.840000000000000000e+02 4.968244150593962786e-07
2.850000000000000000e+02 5.014435104611361146e-07
2.860000000000000000e+02 5.060654073471607875e-07
2.870000000000000000e+02 5.106889885154227353e-07
2.880000000000000000e+02 5.153124235956867477e-07
2.890000000000000000e+02 5.199345245205817614e-07
2.900000000000000000e+02 5.245534244737027009e-07
2.910000000000000000e+02 5.291678899844601636e-07
2.920000000000000000e+02 5.337760616728543439e-07
2.930000000000000000e+02 5.383766343513452959e-07
2.940000000000000000e+02 5.429677438064591321e-07
2.950000000000000000e+02 5.475480416011333968e-07
2.960000000000000000e+02 5.521156620627444257e-07
2.970000000000000000e+02 5.566692279141865361e-07
2.980000000000000000e+02 5.612068787266075052e-07
2.990000000000000000e+02 5.657272206150225743e-07
3.000000000000000000e+02 5.702283610376091381e-07
3.010000000000000000e+02 5.747089452467013373e-07
3.020000000000000000e+02 5.791670792704233245e-07
3.030000000000000000e+02 5.836013908409064351e-07
3.040000000000000000e+02 5.880099973123572412e-07
3.050000000000000000e+02 5.923916332062932534e-07
3.060000000000000000e+02 5.967443445168241047e-07
3.070000000000000000e+02 6.010668897376607833e-07
3.080000000000000000e+02 6.053573985810693664e-07
3.090000000000000000e+02 6.096146291074823141e-07
3.100000000000000000e+02 6.138367691572379307e-07
3.110000000000000000e+02 6.180226114785284244e-07
3.120000000000000000e+02 6.221704067254377238e-07
3.130000000000000000e+02 6.262789983983867914e-07
3.140000000000000000e+02 6.303467081996343888e-07
3.150000000000000000e+02 6.343724430561926983e-07
3.160000000000000000e+02 6.383545499958250637e-07
3.170000000000000000e+02 6.422920639400046421e-07
3.180000000000000000e+02 6.461833373441652243e-07
3.190000000000000000e+02 6.500275157311158432e-07
3.200000000000000000e+02 6.538230540576012860e-07
3.210000000000000000e+02 6.575692124246466058e-07
3.220000000000000000e+02 6.612644823541171974e-07
3.230000000000000000e+02 6.649082424169358928e-07
3.240000000000000000e+02 6.684990535760741912e-07
3.250000000000000000e+02 6.720364178707921690e-07
3.260000000000000000e+02 6.755189790705899841e-07
3.270000000000000000e+02 6.789463674615463784e-07
3.280000000000000000e+02 6.823173191375488865e-07
3.290000000000000000e+02 6.856315372450054407e-07
3.300000000000000000e+02 6.888879163324768238e-07
3.310000000000000000e+02 6.920862655631760626e-07
3.320000000000000000e+02 6.952255543404588361e-07
3.330000000000000000e+02 6.983057673281524303e-07
3.340000000000000000e+02 7.013259761852337791e-07
3.350000000000000000e+02 7.042861948138350525e-07
3.360000000000000000e+02 7.071856635690650687e-07
3.370000000000000000e+02 7.100245427719729768e-07
3.380000000000000000e+02 7.128021539682180089e-07
3.390000000000000000e+02 7.155187858630494177e-07
3.400000000000000000e+02 7.181738656667666766e-07
3.410000000000000000e+02 7.207678081377174499e-07
3.420000000000000000e+02 7.233001502062764908e-07
3.430000000000000000e+02 7.257714307567781117e-07
3.440000000000000000e+02 7.281812971519592918e-07
3.450000000000000000e+02 7.305303477290420044e-07
3.460000000000000000e+02 7.328184010167196263e-07
3.470000000000000000e+02 7.350461432153908888e-07
3.480000000000000000e+02 7.372134058113176296e-07
3.490000000000000000e+02 7.393210907051263566e-07
3.500000000000000000e+02 7.413690945829743663e-07
3.510000000000000000e+02 7.433584093916476593e-07
3.520000000000000000e+02 7.452890048723969374e-07
3.530000000000000000e+02 7.471619757255300339e-07
3.540000000000000000e+02 7.489774279903230866e-07
3.550000000000000000e+02 7.507364931450075886e-07
3.560000000000000000e+02 7.524393799147900810e-07
3.570000000000000000e+02 7.540872823116633759e-07
3.580000000000000000e+02 7.556805003740258357e-07
3.590000000000000000e+02 7.572202305629201378e-07
3.600000000000000000e+02 7.587069173454847634e-07
3.610000000000000000e+02 7.601418501312365486e-07
3.620000000000000000e+02 7.615254562191658025e-07
3.630000000000000000e+02 7.628591512129278641e-07
3.640000000000000000e+02 7.641433319714142018e-07
3.650000000000000000e+02 7.653794997040839325e-07
3.660000000000000000e+02 7.665681787184185872e-07
3.670000000000000000e+02 7.677108196869789150e-07
3.680000000000000000e+02 7.688080789100544514e-07
3.690000000000000000e+02 7.698613480853005647e-07
3.700000000000000000e+02 7.708713690678882181e-07
3.710000000000000000e+02 7.718395724602340192e-07
3.720000000000000000e+02 7.727666489600025461e-07
3.730000000000000000e+02 7.736541639082848207e-07
3.740000000000000000e+02 7.745028061708691718e-07
3.750000000000000000e+02 7.753141495790115937e-07
3.760000000000000000e+02 7.760888874300006125e-07
3.770000000000000000e+02 7.768286120982323658e-07
3.780000000000000000e+02 7.775340211985496343e-07
3.790000000000000000e+02 7.782067210253210394e-07
3.800000000000000000e+02 7.788474114439873488e-07
3.810000000000000000e+02 7.794577073554109085e-07
3.820000000000000000e+02 7.800383078913632521e-07
3.830000000000000000e+02 7.805908313121953545e-07
3.840000000000000000e+02 7.811159728288002940e-07
3.850000000000000000e+02 7.816153492364193332e-07
3.860000000000000000e+02 7.820896486741621296e-07
3.870000000000000000e+02 7.825404820012542634e-07
3.880000000000000000e+02 7.829685269806118720e-07
3.890000000000000000e+02 7.833753844005575945e-07
3.900000000000000000e+02 7.837617186477534745e-07
3.910000000000000000e+02 7.841291167286131790e-07
3.920000000000000000e+02 7.844782269154824915e-07
3.930000000000000000e+02 7.848106189855124212e-07
3.940000000000000000e+02 7.851268691749952743e-07
3.950000000000000000e+02 7.854285804029259994e-07
3.960000000000000000e+02 7.857162824010360439e-07
3.970000000000000000e+02 7.859915804799206357e-07
3.980000000000000000e+02 7.862549630989786520e-07
3.990000000000000000e+02 7.865079765762040454e-07
4.000000000000000000e+02 7.867511733508479759e-07
4.010000000000000000e+02 7.869860103032073153e-07
4.020000000000000000e+02 7.872129996706189528e-07
4.030000000000000000e+02 7.874335897573753039e-07
4.040000000000000000e+02 7.876482654687815387e-07
4.050000000000000000e+02 7.878584472950767848e-07
4.060000000000000000e+02 7.880646422830517108e-07
4.070000000000000000e+02 7.882681404176023636e-07
4.080000000000000000e+02 7.884694933557767402e-07
4.090000000000000000e+02 7.886699595828868253e-07
4.100000000000000000e+02 7.888700044386729739e-07
4.110000000000000000e+02 7.890708904496957839e-07
4.120000000000000000e+02 7.892730366327910256e-07
4.130000000000000000e+02 7.894777313423158990e-07
4.140000000000000000e+02 7.896853065166474203e-07
4.150000000000000000e+02 7.898969984846324038e-07
4.160000000000000000e+02 7.901131734141913767e-07
4.170000000000000000e+02 7.903350305167419710e-07
4.180000000000000000e+02 7.905628824593217526e-07
4.190000000000000000e+02 7.907978932927047226e-07
4.200000000000000000e+02 7.910403379549619115e-07
4.210000000000000000e+02 7.912913909319965458e-07
4.220000000000000000e+02 7.915512465257553992e-07
4.230000000000000000e+02 7.918211108022234308e-07
4.240000000000000000e+02 7.921011220615124319e-07
4.250000000000000000e+02 7.923924000672484745e-07
4.260000000000000000e+02 7.926951661924450240e-07
4.270000000000000000e+02 7.930104469221869597e-07
4.280000000000000000e+02 7.933384377643305331e-07
4.290000000000000000e+02 7.936801455265254147e-07
4.300000000000000000e+02 7.940357042743816744e-07
4.310000000000000000e+02 7.944061304167979886e-07
4.320000000000000000e+02 7.947915598970331723e-07
4.330000000000000000e+02 7.951929528316719817e-07
4.340000000000000000e+02 7.956104295045552752e-07
4.350000000000000000e+02 7.960449104288796182e-07
4.360000000000000000e+02 7.964964965727763977e-07
4.370000000000000000e+02 7.969660721275720697e-07
4.380000000000000000e+02 7.974537171347890089e-07
4.390000000000000000e+02 7.979603217701229706e-07
4.400000000000000000e+02 7.984859439560883324e-07
4.410000000000000000e+02 7.990314595797075233e-07
4.420000000000000000e+02 7.995968639460114892e-07
4.430000000000000000e+02 8.001830142328230830e-07
4.440000000000000000e+02 8.007899032738693942e-07
4.450000000000000000e+02 8.014183674221640710e-07
4.460000000000000000e+02 8.020684205014114440e-07
4.470000000000000000e+02 8.027408379256707109e-07
4.480000000000000000e+02 8.034355929598876443e-07
4.490000000000000000e+02 8.041534584097894658e-07
4.500000000000000000e+02 8.048944188977779385e-07
4.510000000000000000e+02 8.056591914215620041e-07
4.520000000000000000e+02 8.064477541550778927e-07
4.530000000000000000e+02 8.072608230463966115e-07
4.540000000000000000e+02 8.080983651867858409e-07
4.550000000000000000e+02 8.089610799065075333e-07
4.560000000000000000e+02 8.098488839938486786e-07
4.570000000000000000e+02 8.107624941856018953e-07
4.580000000000000000e+02 8.117017946803588251e-07
4.590000000000000000e+02 8.126674992852689612e-07
4.600000000000000000e+02 8.136594634931795922e-07
4.610000000000000000e+02 8.146783927035055207e-07
4.620000000000000000e+02 8.157241511682659779e-07
4.630000000000000000e+02 8.167973974788997651e-07
4.640000000000000000e+02 8.178979870373274071e-07
4.650000000000000000e+02 8.190265834890968235e-07
4.660000000000000000e+02 8.201830290878430926e-07
4.670000000000000000e+02 8.213679778248572766e-07
4.680000000000000000e+02 8.225812567808470116e-07
4.690000000000000000e+02 8.238234726890166971e-07
4.700000000000000000e+02 8.250944704805017805e-07
4.710000000000000000e+02 8.263948599458406383e-07
4.720000000000000000e+02 8.277244511157578542e-07
4.730000000000000000e+02 8.290838428435177311e-07
4.740000000000000000e+02 8.304728561472678298e-07
4.750000000000000000e+02 8.318920760035743532e-07
4.760000000000000000e+02 8.333412852119509093e-07
4.770000000000000000e+02 8.348210865809776510e-07
4.780000000000000000e+02 8.363312376793094776e-07
4.790000000000000000e+02 8.378723083524270951e-07
4.800000000000000000e+02 8.394440656214987056e-07
4.810000000000000000e+02 8.410470906956784391e-07
4.820000000000000000e+02 8.426811113497353306e-07
4.830000000000000000e+02 8.443467370086532182e-07
4.840000000000000000e+02 8.460436366426481639e-07
4.850000000000000000e+02 8.477724273227591416e-07
4.860000000000000000e+02 8.495327693893594964e-07
4.870000000000000000e+02 8.513252810115537628e-07
4.880000000000000000e+02 8.531496022411330997e-07
4.890000000000000000e+02 8.550063172773504681e-07
4.900000000000000000e+02 8.568950750480073180e-07
4.910000000000000000e+02 8.588164703039942649e-07
4.920000000000000000e+02 8.607701129971916464e-07
4.930000000000000000e+02 8.627565945176476790e-07
4.940000000000000000e+02 8.647755275167012338e-07
4.950000000000000000e+02 8.668274354969789000e-07
4.960000000000000000e+02 8.689119800216833013e-07
4.970000000000000000e+02 8.710296761373031682e-07
4.980000000000000000e+02 8.731801390791461389e-07
4.990000000000000000e+02 8.753638662096912841e-07
5.000000000000000000e+02 8.775804769261372287e-07
5.010000000000000000e+02 8.798304794830447330e-07
5.020000000000000000e+02 8.821134547516574458e-07
5.030000000000000000e+02 8.844299059876536633e-07
5.040000000000000000e+02 8.867793867923779344e-07
5.050000000000000000e+02 8.891624202836420515e-07
5.060000000000000000e+02 8.915785051093174603e-07
5.070000000000000000e+02 8.940281667225867973e-07
5.080000000000000000e+02 8.965108928045681468e-07
5.090000000000000000e+02 8.990272056877811148e-07
5.100000000000000000e+02 9.015765707193923901e-07
5.110000000000000000e+02 9.041594750153831962e-07
5.120000000000000000e+02 9.067754165203408284e-07
5.130000000000000000e+02 9.094248311018386667e-07
5.140000000000000000e+02 9.121071901022072873e-07
5.150000000000000000e+02 9.148229228964181911e-07
5.160000000000000000e+02 9.175714803511449186e-07
5.170000000000000000e+02 9.203533034203352527e-07
5.180000000000000000e+02 9.231678218797351531e-07
5.190000000000000000e+02 9.260154438307695073e-07
5.200000000000000000e+02 9.288955765453775741e-07
5.210000000000000000e+02 9.318086332500039928e-07
5.220000000000000000e+02 9.347539977755479419e-07
5.230000000000000000e+02 9.377320472876235177e-07
5.240000000000000000e+02 9.407421409346697544e-07
5.250000000000000000e+02 9.437846587423685870e-07
5.260000000000000000e+02 9.468589628377858783e-07
5.270000000000000000e+02 9.499653959594142614e-07
5.280000000000000000e+02 9.531032799689547251e-07
5.290000000000000000e+02 9.562729593867521860e-07
5.300000000000000000e+02 9.594737259372025304e-07
5.310000000000000000e+02 9.627059139964199860e-07
5.320000000000000000e+02 9.659688149640087259e-07
5.330000000000000000e+02 9.692627224289174329e-07
5.340000000000000000e+02 9.725869135050146762e-07
5.350000000000000000e+02 9.759416538026351365e-07
5.360000000000000000e+02 9.793262026793461082e-07
5.370000000000000000e+02 9.827408006117889362e-07
5.380000000000000000e+02 9.861847163916864726e-07
5.390000000000000000e+02 9.896581674173481717e-07
5.400000000000000000e+02 9.931603588237523086e-07
5.410000000000000000e+02 9.966915434513504515e-07
5.420000000000000000e+02 1.000250887941828019e-06
5.430000000000000000e+02 1.003838623723571598e-06
5.440000000000000000e+02 1.007453913265337827e-06
5.450000000000000000e+02 1.011096945440213376e-06
5.460000000000000000e+02 1.014766866078246244e-06
5.470000000000000000e+02 1.018463866730651332e-06
5.480000000000000000e+02 1.022187075171766159e-06
5.490000000000000000e+02 1.025936645015402705e-06
5.500000000000000000e+02 1.029711684930399513e-06
5.510000000000000000e+02 1.033512354555181668e-06
5.520000000000000000e+02 1.037337744071789978e-06
5.530000000000000000e+02 1.041188008214780869e-06
5.540000000000000000e+02 1.045062187937829699e-06
5.550000000000000000e+02 1.048960431068926002e-06
5.560000000000000000e+02 1.052881776420014494e-06
5.570000000000000000e+02 1.056826333455281592e-06
5.580000000000000000e+02 1.060793159700102307e-06
5.590000000000000000e+02 1.064782342780511276e-06
5.600000000000000000e+02 1.068792910044726038e-06
5.610000000000000000e+02 1.072824931237250369e-06
5.620000000000000000e+02 1.076877448509932415e-06
5.630000000000000000e+02 1.080950483790588531e-06
5.640000000000000000e+02 1.085043080283563108e-06
5.650000000000000000e+02 1.089155264033265544e-06
5.660000000000000000e+02 1.093286043683245850e-06
5.670000000000000000e+02 1.097435473058781653e-06
5.680000000000000000e+02 1.101602508246216129e-06
5.690000000000000000e+02 1.105787213675070389e-06
5.700000000000000000e+02 1.109988513511193815e-06
5.710000000000000000e+02 1.114206479644964723e-06
5.720000000000000000e+02 1.118440046759517248e-06
5.730000000000000000e+02 1.122689258722506886e-06
5.740000000000000000e+02 1.126953011049795671e-06
5.750000000000000000e+02 1.131231372627178293e-06
5.760000000000000000e+02 1.135523216449834964e-06
5.770000000000000000e+02 1.139828624146480526e-06
5.780000000000000000e+02 1.144146451307442071e-06
5.790000000000000000e+02 1.148476753829795349e-06
5.800000000000000000e+02 1.152818410208942777e-06
5.810000000000000000e+02 1.157171469781042371e-06
5.820000000000000000e+02 1.161534780434822220e-06
5.830000000000000000e+02 1.165908428415586767e-06
5.840000000000000000e+02 1.170291209199561198e-06
5.850000000000000000e+02 1.174683230411690515e-06
5.860000000000000000e+02 1.179083297828205247e-06
5.870000000000000000e+02 1.183491499941133387e-06
5.880000000000000000e+02 1.187906641303352084e-06
5.890000000000000000e+02 1.192328770348208225e-06
5.900000000000000000e+02 1.196756730219704968e-06
5.910000000000000000e+02 1.201190595808119313e-06
5.920000000000000000e+02 1.205629150216988682e-06
5.930000000000000000e+02 1.210072523908054712e-06
5.940000000000000000e+02 1.214519477302194893e-06
5.950000000000000000e+02 1.218970135635340437e-06
5.960000000000000000e+02 1.223423245505741295e-06
5.970000000000000000e+02 1.227878943790478554e-06
5.980000000000000000e+02 1.232335968841906989e-06
5.990000000000000000e+02 1.236794473951976014e-06
6.000000000000000000e+02 1.241253236624156834e-06
6.010000000000000000e+02 1.245712387700278486e-06
6.020000000000000000e+02 1.250170682996751172e-06
6.030000000000000000e+02 1.254628253769776258e-06
6.040000000000000000e+02 1.259083896904046914e-06
6.050000000000000000e+02 1.263537752652912049e-06
6.060000000000000000e+02 1.267988599665993009e-06
6.070000000000000000e+02 1.272436591875683995e-06
6.080000000000000000e+02 1.276880509826799583e-06
6.090000000000000000e+02 1.281320525206942577e-06
6.100000000000000000e+02 1.285755426660857142e-06
6.110000000000000000e+02 1.290185452833190001e-06
6.120000000000000000e+02 1.294609314454127156e-06
6.130000000000000000e+02 1.299027251436920174e-06
6.140000000000000000e+02 1.303438081617710904e-06
6.150000000000000000e+02 1.307841975496373279e-06
6.160000000000000000e+02 1.312237804159024538e-06
6.170000000000000000e+02 1.316625766066205258e-06
6.180000000000000000e+02 1.321004684433239970e-06
6.190000000000000000e+02 1.325374776917423320e-06
6.200000000000000000e+02 1.329734909421495720e-06
6.210000000000000000e+02 1.334085322506230275e-06
6.220000000000000000e+02 1.338424865739502600e-06
6.230000000000000000e+02 1.342753805621718492e-06
6.240000000000000000e+02 1.347071047222689506e-06
6.250000000000000000e+02 1.351376839067830653e-06
6.260000000000000000e+02 1.355670077419903432e-06
6.270000000000000000e+02 1.359951067191483819e-06
6.280000000000000000e+02 1.364218719135648973e-06
6.290000000000000000e+02 1.368473379772119024e-06
6.300000000000000000e+02 1.372713932687629960e-06
6.310000000000000000e+02 1.376940765257775488e-06
6.320000000000000000e+02 1.381152762390503328e-06
6.330000000000000000e+02 1.385350353662341341e-06
6.340000000000000000e+02 1.389532434920594917e-06
6.350000000000000000e+02 1.393699479830262127e-06
6.360000000000000000e+02 1.397850351678094121e-06
6.370000000000000000e+02 1.401985619406154958e-06
6.380000000000000000e+02 1.406104143380264713e-06
6.390000000000000000e+02 1.410206465015134693e-06
6.400000000000000000e+02 1.414291500868877327e-06
6.410000000000000000e+02 1.418359810104374737e-06
6.420000000000000000e+02 1.422410347100525954e-06
6.430000000000000000e+02 1.426443699777755636e-06
6.440000000000000000e+02 1.430458858846200260e-06
6.450000000000000000e+02 1.434456396013717061e-06
6.460000000000000000e+02 1.438435338711353447e-06
6.470000000000000000e+02 1.442396322459413886e-06
6.480000000000000000e+02 1.446338362049251849e-06
6.490000000000000000e+02 1.450262089118792478e-06
6.500000000000000000e+02 1.454166583167003977e-06
6.510000000000000000e+02 1.458052496802087590e-06
6.520000000000000000e+02 1.461918905182755831e-06
6.530000000000000000e+02 1.465766540172056080e-06
6.540000000000000000e+02 1.469594496638398803e-06
6.550000000000000000e+02 1.473403512616551027e-06
6.560000000000000000e+02 1.477192708692745721e-06
6.570000000000000000e+02 1.480962799162664773e-06
6.580000000000000000e+02 1.484712985340405111e-06
6.590000000000000000e+02 1.488443989329842912e-06
6.600000000000000000e+02 1.492155069864284516e-06
6.610000000000000000e+02 1.495846914150852194e-06
6.620000000000000000e+02 1.499518833238651981e-06
6.630000000000000000e+02 1.503171562882172567e-06
6.640000000000000000e+02 1.506804412615868163e-06
6.650000000000000000e+02 1.510418202816127611e-06
6.660000000000000000e+02 1.514012214430164703e-06
6.670000000000000000e+02 1.517587272472312642e-06
6.680000000000000000e+02 1.521142660888717015e-06
6.690000000000000000e+02 1.524679281989348145e-06
6.700000000000000000e+02 1.528196432479886106e-06
6.710000000000000000e+02 1.531695069604633178e-06
6.720000000000000000e+02 1.535174507757871816e-06
6.730000000000000000e+02 1.538635648460274641e-06
6.740000000000000000e+02 1.542077878997480432e-06
6.750000000000000000e+02 1.545502148738627366e-06
6.760000000000000000e+02 1.548907840680303158e-06
6.770000000000000000e+02 1.552295936886240645e-06
6.780000000000000000e+02 1.555665837083377734e-06
6.790000000000000000e+02 1.559018554767200081e-06
6.800000000000000000e+02 1.562353510585481228e-06
6.810000000000000000e+02 1.565671749064455616e-06
6.820000000000000000e+02 1.568972660145695028e-06
6.830000000000000000e+02 1.572257318562912616e-06
6.840000000000000000e+02 1.575525164049269161e-06
6.850000000000000000e+02 1.578777248093244433e-06
6.860000000000000000e+02 1.582013040198537673e-06
6.870000000000000000e+02 1.585233647790102866e-06
6.880000000000000000e+02 1.588438513714138303e-06
6.890000000000000000e+02 1.591628780317219279e-06
6.900000000000000000e+02 1.594803942108739621e-06
6.910000000000000000e+02 1.597965119088428530e-06
6.920000000000000000e+02 1.601111835964793246e-06
6.930000000000000000e+02 1.604245214730704339e-06
6.940000000000000000e+02 1.607364805693126612e-06
6.950000000000000000e+02 1.610471737732721982e-06
6.960000000000000000e+02 1.613565530981063841e-06
6.970000000000000000e+02 1.616647375873475325e-06
6.980000000000000000e+02 1.619716840842183074e-06
6.990000000000000000e+02 1.622775098699392387e-06
7.000000000000000000e+02 1.625821690909690170e-06
7.010000000000000000e+02 1.628857792094598942e-06
7.020000000000000000e+02 1.631882991728049404e-06
7.030000000000000000e+02 1.634898522602971991e-06
7.040000000000000000e+02 1.637903946475718416e-06
7.050000000000000000e+02 1.640900474541395569e-06
7.060000000000000000e+02 1.643887661571487065e-06
7.070000000000000000e+02 1.646866769846238544e-06
7.080000000000000000e+02 1.649837404048331503e-06
7.090000000000000000e+02 1.652800747292980160e-06
7.100000000000000000e+02 1.655756427750881904e-06
7.110000000000000000e+02 1.658705702536605359e-06
7.120000000000000000e+02 1.661648163789146094e-06
7.130000000000000000e+02 1.664585045268801013e-06
7.140000000000000000e+02 1.667515978499662685e-06
7.150000000000000000e+02 1.670442190902243056e-06
7.160000000000000000e+02 1.673363330423403295e-06
7.170000000000000000e+02 1.676280619711119994e-06
7.180000000000000000e+02 1.679193717082311618e-06
7.190000000000000000e+02 1.682103839935275580e-06
7.200000000000000000e+02 1.685010653253316385e-06
7.210000000000000000e+02 1.687915368206323483e-06
7.220000000000000000e+02 1.690817653469984653e-06
7.230000000000000000e+02 1.693718712701527816e-06
7.240000000000000000e+02 1.696618215590762168e-06
7.250000000000000000e+02 1.699517356857135355e-06
7.260000000000000000e+02 1.702415857613614410e-06
7.270000000000000000e+02 1.705314902398591109e-06
7.280000000000000000e+02 1.708214129435762575e-06
7.290000000000000000e+02 1.711114816249678182e-06
7.300000000000000000e+02 1.714016562780087236e-06
7.310000000000000000e+02 1.716920632251877225e-06
7.320000000000000000e+02 1.719826646703009948e-06
7.330000000000000000e+02 1.722735919119401787e-06
7.340000000000000000e+02 1.725647964857029177e-06
7.350000000000000000e+02 1.728564117891470645e-06
7.360000000000000000e+02 1.731483991100848711e-06
7.370000000000000000e+02 1.734408826060924864e-06
7.380000000000000000e+02 1.737338211057886113e-06
7.390000000000000000e+02 1.740273394110551493e-06
7.400000000000000000e+02 1.743214001632713030e-06
7.410000000000000000e+02 1.746161270719314793e-06
7.420000000000000000e+02 1.749114837931607963e-06
7.430000000000000000e+02 1.752075873536762199e-06
7.440000000000000000e+02 1.755044067240869072e-06
7.450000000000000000e+02 1.758020598639695072e-06
7.460000000000000000e+02 1.761005074812676803e-06
7.470000000000000000e+02 1.763998714463213057e-06
7.480000000000000000e+02 1.767001135778937819e-06
7.490000000000000000e+02 1.770013565212336727e-06
7.500000000000000000e+02 1.773035560476952435e-06
7.510000000000000000e+02 1.776068345708664265e-06
7.520000000000000000e+02 1.779111490942009699e-06
7.530000000000000000e+02 1.782166212226723509e-06
7.540000000000000000e+02 1.785232120767323249e-06
7.550000000000000000e+02 1.788310368827985309e-06
7.560000000000000000e+02 1.791400524717765670e-06
7.570000000000000000e+02 1.794503802529561779e-06
7.580000000000000000e+02 1.797619743760656015e-06
7.590000000000000000e+02 1.800749575906345921e-06
7.600000000000000000e+02 1.803892814057059718e-06
7.610000000000000000e+02 1.807050634988589406e-06
7.620000000000000000e+02 1.810222577257600398e-06
7.630000000000000000e+02 1.813409837473673398e-06
7.640000000000000000e+02 1.816611950333681687e-06
7.650000000000000000e+02 1.819830056768442374e-06
7.660000000000000000e+02 1.823063730292845441e-06
7.670000000000000000e+02 1.826314075037295402e-06
7.680000000000000000e+02 1.829580672478767379e-06
7.690000000000000000e+02 1.832864643222236058e-06
7.700000000000000000e+02 1.836165515494482634e-06
7.710000000000000000e+02 1.839484400138182921e-06
7.720000000000000000e+02 1.842820842448771360e-06
7.730000000000000000e+02 1.846175936451728977e-06
7.740000000000000000e+02 1.849549220618120882e-06
7.750000000000000000e+02 1.852941818652214256e-06
7.760000000000000000e+02 1.856353204439913548e-06
7.770000000000000000e+02 1.859784502173473903e-06
7.780000000000000000e+02 1.863235193118326142e-06
7.790000000000000000e+02 1.866706393084382967e-06
7.800000000000000000e+02 1.870197568144814017e-06
7.810000000000000000e+02 1.873709820085917301e-06
7.820000000000000000e+02 1.877242593612863942e-06
7.830000000000000000e+02 1.880797022870696140e-06
7.840000000000000000e+02 1.884372527713167953e-06
7.850000000000000000e+02 1.887970245932197160e-06
7.860000000000000000e+02 1.891589569681783368e-06
7.870000000000000000e+02 1.895231631170120583e-06
7.880000000000000000e+02 1.898895792439228219e-06
7.890000000000000000e+02 1.902583224658415786e-06
7.900000000000000000e+02 1.906293257952526098e-06
7.910000000000000000e+02 1.910027022822328710e-06
7.920000000000000000e+02 1.913783915571131859e-06
7.930000000000000000e+02 1.917564991903529012e-06
7.940000000000000000e+02 1.921369661827544301e-06
7.950000000000000000e+02 1.925198981860174892e-06
7.960000000000000000e+02 1.929052311655053139e-06
7.970000000000000000e+02 1.932930738151148862e-06
7.980000000000000000e+02 1.936833637924356650e-06
7.990000000000000000e+02 1.940762049009365210e-06
8.000000000000000000e+02 1.944715340523048718e-06
8.010000000000000000e+02 1.948694567271554486e-06
8.020000000000000000e+02 1.952699034285723323e-06
8.030000000000000000e+02 1.956729838488640463e-06
8.040000000000000000e+02 1.960786291027013432e-06
8.050000000000000000e+02 1.964869449808653518e-06
8.060000000000000000e+02 1.968978610012194978e-06
8.070000000000000000e+02 1.973114804990751278e-06
8.080000000000000000e+02 1.977277307957371753e-06
8.090000000000000000e+02 1.981467226324237347e-06
8.100000000000000000e+02 1.985683808400454757e-06
8.110000000000000000e+02 1.989928086610480174e-06
8.120000000000000000e+02 1.994199330471503651e-06
8.130000000000000000e+02 1.998498582247322768e-06
8.140000000000000000e+02 2.002825057082759206e-06
8.150000000000000000e+02 2.007179835993429716e-06
8.160000000000000000e+02 2.011562096674442018e-06
8.170000000000000000e+02 2.015972880179184881e-06
8.180000000000000000e+02 2.020411425799140863e-06
8.190000000000000000e+02 2.024878750489024390e-06
8.200000000000000000e+02 2.029374008366555361e-06
8.210000000000000000e+02 2.033898290050138063e-06
8.220000000000000000e+02 2.038450701147605067e-06
8.230000000000000000e+02 2.043032307732810715e-06
8.240000000000000000e+02 2.047642220838948379e-06
8.250000000000000000e+02 2.052281493434771338e-06
8.260000000000000000e+02 2.056949267929256812e-06
8.270000000000000000e+02 2.061646535243999506e-06
8.280000000000000000e+02 2.066372439197834180e-06
8.290000000000000000e+02 2.071127931661386357e-06
8.300000000000000000e+02 2.075912197413789558e-06
8.310000000000000000e+02 2.080726154522408043e-06
8.320000000000000000e+02 2.085568951230637873e-06
8.330000000000000000e+02 2.090441522086210999e-06
8.340000000000000000e+02 2.095343042781389314e-06
8.350000000000000000e+02 2.100274393470588424e-06
8.360000000000000000e+02 2.105234705293409016e-06
8.370000000000000000e+02 2.110224919727371341e-06
8.380000000000000000e+02 2.115244093402679309e-06
8.390000000000000000e+02 2.120293184256028095e-06
8.400000000000000000e+02 2.125371250210902853e-06
8.410000000000000000e+02 2.130479207295363180e-06
8.420000000000000000e+02 2.135616146127033611e-06
8.430000000000000000e+02 2.140782961033655402e-06
8.440000000000000000e+02 2.145978700074505546e-06
8.450000000000000000e+02 2.151204288317211440e-06
8.460000000000000000e+02 2.156458798671807939e-06
8.470000000000000000e+02 2.161743067000847921e-06
8.480000000000000000e+02 2.167056218503580327e-06
8.490000000000000000e+02 2.172399044385159087e-06
8.500000000000000000e+02 2.177770693717147669e-06
8.510000000000000000e+02 2.183171923788049406e-06
8.520000000000000000e+02 2.188601850275385060e-06
8.530000000000000000e+02 2.194061351041147985e-06
8.540000000000000000e+02 2.199549431690916860e-06
8.550000000000000000e+02 2.205066970392138249e-06
8.560000000000000000e+02 2.210613016156076252e-06
8.570000000000000000e+02 2.216188407825226547e-06
8.580000000000000000e+02 2.221792253358237985e-06
8.590000000000000000e+02 2.227425327363209975e-06
8.600000000000000000e+02 2.233086716565159380e-06
8.610000000000000000e+02 2.238777263795725896e-06
8.620000000000000000e+02 2.244496054099266061e-06
8.630000000000000000e+02 2.250243907726907366e-06
8.640000000000000000e+02 2.256019911521140405e-06
8.650000000000000000e+02 2.261824881938640868e-06
8.660000000000000000e+02 2.267657910059301101e-06
8.670000000000000000e+02 2.273519865350551235e-06
8.680000000000000000e+02 2.279409793978511086e-06
8.690000000000000000e+02 2.285328543168635206e-06
8.700000000000000000e+02 2.291275246320741070e-06
8.710000000000000000e+02 2.297250751975438673e-06
8.720000000000000000e+02 2.303254132000466386e-06
8.730000000000000000e+02 2.309286240674799511e-06
8.740000000000000000e+02 2.315346185716206824e-06
8.750000000000000000e+02 2.321434885130278473e-06
8.760000000000000000e+02 2.327551414099175383e-06
8.770000000000000000e+02 2.333696676688592051e-06
8.780000000000000000e+02 2.339869794935199066e-06
8.790000000000000000e+02 2.346071627484208888e-06
8.800000000000000000e+02 2.352301323610411906e-06
8.810000000000000000e+02 2.358559839343998996e-06
8.820000000000000000e+02 2.364846240505029653e-06
8.830000000000000000e+02 2.371161536132984251e-06
8.840000000000000000e+02 2.377504763097858266e-06
8.850000000000000000e+02 2.383876976295438393e-06
8.860000000000000000e+02 2.390277198452380697e-06
8.870000000000000000e+02 2.396706528601422010e-06
8.880000000000000000e+02 2.403163983779821759e-06
8.890000000000000000e+02 2.409650650311220137e-06
8.900000000000000000e+02 2.416165601977219681e-06
8.910000000000000000e+02 2.422709941676632859e-06
8.920000000000000000e+02 2.429282719478737379e-06
8.930000000000000000e+02 2.435885062385337804e-06
8.940000000000000000e+02 2.442516021965706395e-06
8.950000000000000000e+02 2.449176754138514394e-06
8.960000000000000000e+02 2.455866319243763769e-06
8.970000000000000000e+02 2.462585905922185891e-06
8.980000000000000000e+02 2.469334529195870031e-06
8.990000000000000000e+02 2.476113413013176605e-06
9.000000000000000000e+02 2.482921619083656519e-06
9.010000000000000000e+02 2.489760410558421750e-06
9.020000000000000000e+02 2.496628818055486677e-06
9.030000000000000000e+02 2.503528025845851503e-06
9.040000000000000000e+02 2.510457181107305032e-06
9.050000000000000000e+02 2.517417512579846383e-06
9.060000000000000000e+02 2.524408113548634273e-06
9.070000000000000000e+02 2.531430182869365846e-06
9.080000000000000000e+02 2.538482932115148887e-06
9.090000000000000000e+02 2.545567564166942889e-06
9.100000000000000000e+02 2.552683238390985014e-06
9.110000000000000000e+02 2.559831171238791431e-06
9.120000000000000000e+02 2.567010584170752111e-06
9.130000000000000000e+02 2.574222652846644864e-06
9.140000000000000000e+02 2.581466580012468830e-06
9.150000000000000000e+02 2.588743598451869903e-06
9.160000000000000000e+02 2.596052923073678762e-06
9.170000000000000000e+02 2.603395762442943609e-06
9.180000000000000000e+02 2.610771352095078501e-06
9.190000000000000000e+02 2.618180971226527406e-06
9.200000000000000000e+02 2.625623819004315644e-06
9.210000000000000000e+02 2.633101159830838427e-06
9.220000000000000000e+02 2.640612255966319598e-06
9.230000000000000000e+02 2.648158388118200211e-06
9.240000000000000000e+02 2.655738732642771947e-06
9.250000000000000000e+02 2.663354659165024196e-06
9.260000000000000000e+02 2.671005321706329400e-06
9.270000000000000000e+02 2.678692088012557228e-06
9.280000000000000000e+02 2.686414106751320710e-06
9.290000000000000000e+02 2.694172838402096614e-06
9.300000000000000000e+02 2.701967371372733076e-06
9.310000000000000000e+02 2.709799168210000886e-06
9.320000000000000000e+02 2.717667362505720408e-06
9.330000000000000000e+02 2.725573316058117450e-06
9.340000000000000000e+02 2.733516321182340336e-06
9.350000000000000000e+02 2.741497647143633460e-06
9.360000000000000000e+02 2.749516545019017035e-06
9.370000000000000000e+02 2.757574446727575385e-06
9.380000000000000000e+02 2.765670549292890277e-06
9.390000000000000000e+02 2.773806232523375065e-06
9.400000000000000000e+02 2.781980682541330517e-06
9.410000000000000000e+02 2.790195349405774045e-06
9.420000000000000000e+02 2.798449423571845912e-06
9.430000000000000000e+02 2.806744336913175266e-06
9.440000000000000000e+02 2.815079292308600154e-06
9.450000000000000000e+02 2.823455736700094432e-06
9.460000000000000000e+02 2.831872891810759149e-06
9.470000000000000000e+02 2.840332160223825833e-06
9.480000000000000000e+02 2.848832856843999627e-06
9.490000000000000000e+02 2.857376311294187770e-06
9.500000000000000000e+02 2.865961830507628529e-06
9.510000000000000000e+02 2.874590859260699330e-06
9.520000000000000000e+02 2.883262586190880154e-06
9.530000000000000000e+02 2.891978446342606577e-06
9.540000000000000000e+02 2.900737657196274201e-06
9.550000000000000000e+02 2.909541672637736846e-06
9.560000000000000000e+02 2.918389726045531073e-06
9.570000000000000000e+02 2.927283153748416813e-06
9.580000000000000000e+02 2.936221206190522272e-06
9.590000000000000000e+02 2.945205249459717885e-06
9.600000000000000000e+02 2.954234482787496229e-06
9.610000000000000000e+02 2.963310360183006933e-06
9.620000000000000000e+02 2.972431996327387693e-06
9.630000000000000000e+02 2.981600899555317708e-06
9.640000000000000000e+02 2.990816221382789534e-06
9.650000000000000000e+02 3.000079446701592371e-06
9.660000000000000000e+02 3.009389669132874952e-06
9.670000000000000000e+02 3.018748458906937467e-06
9.680000000000000000e+02 3.028154889321802448e-06
9.690000000000000000e+02 3.037610438993502627e-06
9.700000000000000000e+02 3.047114245228637823e-06
9.710000000000000000e+02 3.056667840571629621e-06
9.720000000000000000e+02 3.066270246096342837e-06
9.730000000000000000e+02 3.075923027101864023e-06
9.740000000000000000e+02 3.085625234028298523e-06
9.750000000000000000e+02 3.095378312571981589e-06
9.760000000000000000e+02 3.105181397405737783e-06
9.770000000000000000e+02 3.115035891190901424e-06
9.780000000000000000e+02 3.124940897913886241e-06
9.790000000000000000e+02 3.134897873696686777e-06
9.800000000000000000e+02 3.144905844666536341e-06
9.810000000000000000e+02 3.154966213778488091e-06
9.820000000000000000e+02 3.165078128847003568e-06
9.830000000000000000e+02 3.175242819452694752e-06
9.840000000000000000e+02 3.185459488896461806e-06
9.850000000000000000e+02 3.195729358368508609e-06
9.860000000000000000e+02 3.206051595305121974e-06
9.870000000000000000e+02 3.216427397132618668e-06
9.880000000000000000e+02 3.226855928647179947e-06
9.890000000000000000e+02 3.237338446974987257e-06
9.900000000000000000e+02 3.247874121938727121e-06
9.910000000000000000e+02 3.258464154208473023e-06
9.920000000000000000e+02 3.269107720490496679e-06
9.930000000000000000e+02 3.279805997409137636e-06
9.940000000000000000e+02 3.290558169782407378e-06
9.950000000000000000e+02 3.301365479347970544e-06
9.960000000000000000e+02 3.312226955825112025e-06
9.970000000000000000e+02 3.323143867079110325e-06
9.980000000000000000e+02 3.334115167435528292e-06
9.990000000000000000e+02 3.345142142171362961e-06
1.000000000000000000e+03 3.356223689350671648e-06
1.001000000000000000e+03 3.367361107263620996e-06
1.002000000000000000e+03 3.378553246409458007e-06
1.003000000000000000e+03 3.389801330606601044e-06
1.004000000000000000e+03 3.401104251148294502e-06
1.005000000000000000e+03 3.412463197031669876e-06
1.006000000000000000e+03 3.423877062001009624e-06
1.007000000000000000e+03 3.435347008670976527e-06
1.008000000000000000e+03 3.446871838323735672e-06
1.009000000000000000e+03 3.458452775271482858e-06
1.010000000000000000e+03 3.470088566739285121e-06
1.011000000000000000e+03 3.481780370520400955e-06
1.012000000000000000e+03 3.493526973182619457e-06
1.013000000000000000e+03 3.505329410880660883e-06
1.014000000000000000e+03 3.517186555844778577e-06
1.015000000000000000e+03 3.529099459559255686e-06
1.016000000000000000e+03 3.541066762259152897e-06
1.017000000000000000e+03 3.553089673380369078e-06
1.018000000000000000e+03 3.565166716073498471e-06
1.019000000000000000e+03 3.577299074698072741e-06
1.020000000000000000e+03 3.589485266456488736e-06
1.021000000000000000e+03 3.601726470217907542e-06
1.022000000000000000e+03 3.614021162105460199e-06
1.023000000000000000e+03 3.626370512570612524e-06
1.024000000000000000e+03 3.638772949548522677e-06
1.025000000000000000e+03 3.651229538853282863e-06
1.026000000000000000e+03 3.663738746842993355e-06
1.027000000000000000e+03 3.676301668778848039e-06
1.028000000000000000e+03 3.688916576869971812e-06
1.029000000000000000e+03 3.701584648135807395e-06
1.030000000000000000e+03 3.714304131248725729e-06
1.031000000000000000e+03 3.727076042982443851e-06
1.032000000000000000e+03 3.739898668469786294e-06
1.033000000000000000e+03 3.752773033737557536e-06
1.034000000000000000e+03 3.765697408807166202e-06
1.035000000000000000e+03 3.778672699495505053e-06
1.036000000000000000e+03 3.791697143166966246e-06
1.037000000000000000e+03 3.804771755266470751e-06
1.038000000000000000e+03 3.817894636900770338e-06
1.039000000000000000e+03 3.831066727295580351e-06
1.040000000000000000e+03 3.844286223805934358e-06
1.041000000000000000e+03 3.857553918194903175e-06
1.042000000000000000e+03 3.870868013130363854e-06
1.043000000000000000e+03 3.884229297581001800e-06
1.044000000000000000e+03 3.897635858083946063e-06
1.045000000000000000e+03 3.911088439455656940e-06
1.046000000000000000e+03 3.924585245335813229e-06
1.047000000000000000e+03 3.938126868585737776e-06
1.048000000000000000e+03 3.951711433314265393e-06
1.049000000000000000e+03 3.965339622228130446e-06
1.050000000000000000e+03 3.979009504730145895e-06
1.051000000000000000e+03 3.992721660580374397e-06
1.052000000000000000e+03 4.006474099770702416e-06
1.053000000000000000e+03 4.020267426418034973e-06
1.054000000000000000e+03 4.034099586514625064e-06
1.055000000000000000e+03 4.047971260888937753e-06
1.056000000000000000e+03 4.061880223965399834e-06
1.057000000000000000e+03 4.075827269793229132e-06
1.058000000000000000e+03 4.089810047647113608e-06
1.059000000000000000e+03 4.103829286307834781e-06
1.060000000000000000e+03 4.117882620457662966e-06
1.061000000000000000e+03 4.131970844050540873e-06
1.062000000000000000e+03 4.146091528334428693e-06
1.063000000000000000e+03 4.160245370284329095e-06
1.064000000000000000e+03 4.174429861880033361e-06
1.065000000000000000e+03 4.188645741721802327e-06
1.066000000000000000e+03 4.202890522567984035e-06
1.067000000000000000e+03 4.217164933831689580e-06
1.068000000000000000e+03 4.231466341766978844e-06
1.069000000000000000e+03 4.245795556701299706e-06
1.070000000000000000e+03 4.260149942631445476e-06
1.071000000000000000e+03 4.274530108987066826e-06
1.072000000000000000e+03 4.288933582573990800e-06
1.073000000000000000e+03 4.303360859112514518e-06
1.074000000000000000e+03 4.317809505564299749e-06
1.075000000000000000e+03 4.332279916392667109e-06
1.076000000000000000e+03 4.346769661800972559e-06
1.077000000000000000e+03 4.361279149035870711e-06
1.078000000000000000e+03 4.375805932110329025e-06
1.079000000000000000e+03 4.390350375900429493e-06
1.080000000000000000e+03 4.404910003631955115e-06
1.081000000000000000e+03 4.419485235304675750e-06
1.082000000000000000e+03 4.434073553318570491e-06
1.083000000000000000e+03 4.448675368260636989e-06
1.084000000000000000e+03 4.463288112724961285e-06
1.085000000000000000e+03 4.477912166512743158e-06
1.086000000000000000e+03 4.492545019548985467e-06
1.087000000000000000e+03 4.507187125359003488e-06
1.088000000000000000e+03 4.521835853894244859e-06
1.089000000000000000e+03 4.536491665322773171e-06
1.090000000000000000e+03 4.551151963048744271e-06
1.091000000000000000e+03 4.565817193425421854e-06
1.092000000000000000e+03 4.580484738280219602e-06
1.093000000000000000e+03 4.595155016872360021e-06
1.094000000000000000e+03 4.609825491433226576e-06
1.095000000000000000e+03 4.624496545606263837e-06
1.096000000000000000e+03 4.639165654112287466e-06
1.097000000000000000e+03 4.653833157292055392e-06
1.098000000000000000e+03 4.668496520460369544e-06
1.099000000000000000e+03 4.683156274567767771e-06
1.100000000000000000e+03 4.697809744996917891e-06
1.101000000000000000e+03 4.712457528906186630e-06
1.102000000000000000e+03 4.727096861610496845e-06
1.103000000000000000e+03 4.741728371595306147e-06
1.104000000000000000e+03 4.756349455074041723e-06
1.105000000000000000e+03 4.770960633722339917e-06
1.106000000000000000e+03 4.785559345488046605e-06
1.107000000000000000e+03 4.800146052662800507e-06
1.108000000000000000e+03 4.814718450690309457e-06
1.109000000000000000e+03 4.829276951060950380e-06
1.110000000000000000e+03 4.843819122683889125e-06
1.111000000000000000e+03 4.858345571680055607e-06
1.112000000000000000e+03 4.872853824260710564e-06
1.113000000000000000e+03 4.887344557918713476e-06
1.114000000000000000e+03 4.901815389409641272e-06
1.115000000000000000e+03 4.916266911292850399e-06
1.116000000000000000e+03 4.930696767835874021e-06
1.117000000000000000e+03 4.945105762762621701e-06
1.118000000000000000e+03 4.959491553813403910e-06
1.119000000000000000e+03 4.973854784088694748e-06
1.120000000000000000e+03 4.988193365758831742e-06
1.121000000000000000e+03 5.002507876897110538e-06
1.122000000000000000e+03 5.016796225165036900e-06
1.123000000000000000e+03 5.031059190935800703e-06
1.124000000000000000e+03 5.045294578803294945e-06
1.125000000000000000e+03 5.059503120886062423e-06
1.126000000000000000e+03 5.073682831925832733e-06
1.127000000000000000e+03 5.087834431072732050e-06
1.128000000000000000e+03 5.101955899043201889e-06
1.129000000000000000e+03 5.116048197922527346e-06
1.130000000000000000e+03 5.130109312304939613e-06
1.131000000000000000e+03 5.144140189564592777e-06
1.132000000000000000e+03 5.158138818199544655e-06
1.133000000000000000e+03 5.172106289247601542e-06
1.134000000000000000e+03 5.186040594568999107e-06
1.135000000000000000e+03 5.199943032655352146e-06
1.136000000000000000e+03 5.213811468879451913e-06
1.137000000000000000e+03 5.227647323665188916e-06
1.138000000000000000e+03 5.241448658843559711e-06
1.139000000000000000e+03 5.255216861376496152e-06
1.140000000000000000e+03 5.268949944134958160e-06
1.141000000000000000e+03 5.282649438747614167e-06
1.142000000000000000e+03 5.296313349149652559e-06
1.143000000000000000e+03 5.309943291535130210e-06
1.144000000000000000e+03 5.323537265096638744e-06
1.145000000000000000e+03 5.337096954170469478e-06
1.146000000000000000e+03 5.350620486042190764e-06
1.147000000000000000e+03 5.364109473671822464e-06
1.148000000000000000e+03 5.377562238078998109e-06
1.149000000000000000e+03 5.390980381090412736e-06
1.150000000000000000e+03 5.404362336300802620e-06
1.151000000000000000e+03 5.417709706940669135e-06
1.152000000000000000e+03 5.431021015426698636e-06
1.153000000000000000e+03 5.444297871668564925e-06
1.154000000000000000e+03 5.457539007348400311e-06
1.155000000000000000e+03 5.470745911043746054e-06
1.156000000000000000e+03 5.483917449523710523e-06
1.157000000000000000e+03 5.497055191568370162e-06
1.158000000000000000e+03 5.510157986086028950e-06
1.159000000000000000e+03 5.523227567627302921e-06
1.160000000000000000e+03 5.536262690469924365e-06
1.161000000000000000e+03 5.549265315345241344e-06
1.162000000000000000e+03 5.562234046259930613e-06
1.163000000000000000e+03 5.575170985169391865e-06
1.164000000000000000e+03 5.588074808686387227e-06
1.165000000000000000e+03 5.600947602760680175e-06
1.166000000000000000e+03 5.613788347606737023e-06
1.167000000000000000e+03 5.626599036838681992e-06
1.168000000000000000e+03 5.639378684512592074e-06
1.169000000000000000e+03 5.652129405058621775e-06
1.170000000000000000e+03 5.664850149029136316e-06
1.171000000000000000e+03 5.677543241899667476e-06
1.172000000000000000e+03 5.690207644668927700e-06
1.173000000000000000e+03 5.702845685475576257e-06
1.174000000000000000e+03 5.715456492246619460e-06
1.175000000000000000e+03 5.728042311310722076e-06
1.176000000000000000e+03 5.740602517979466825e-06
1.177000000000000000e+03 5.753139357754043515e-06
1.178000000000000000e+03 5.765652099688460445e-06
1.179000000000000000e+03 5.778143287459771816e-06
1.180000000000000000e+03 5.790612066302615675e-06
1.181000000000000000e+03 5.803061152558923241e-06
1.182000000000000000e+03 5.815489804346492718e-06
1.183000000000000000e+03 5.827900747305451083e-06
1.184000000000000000e+03 5.840293173046924272e-06
1.185000000000000000e+03 5.852670016521892113e-06
1.186000000000000000e+03 5.865030616947127526e-06
1.187000000000000000e+03 5.877377779912976806e-06
1.188000000000000000e+03 5.889710941500174969e-06
1.189000000000000000e+03 5.902032907872969553e-06
1.190000000000000000e+03 5.914343351443058038e-06
1.191000000000000000e+03 5.926644969047990454e-06
1.192000000000000000e+03 5.938937598794612854e-06
1.193000000000000000e+03 5.951224060567917287e-06
1.194000000000000000e+03 5.963504200504278252e-06
1.195000000000000000e+03 5.975780773020346635e-06
1.196000000000000000e+03 5.988053842940200175e-06
1.197000000000000000e+03 6.000326172247301891e-06
1.198000000000000000e+03 6.012597842068880978e-06
1.199000000000000000e+03 6.024871642218354034e-06
1.200000000000000000e+03 6.037147732970047658e-06
1.201000000000000000e+03 6.049428945207338754e-06
1.202000000000000000e+03 6.061715385842258362e-06
1.203000000000000000e+03 6.074010083729982353e-06
1.204000000000000000e+03 6.086313027106447053e-06
1.205000000000000000e+03 6.098627375710700695e-06
1.206000000000000000e+03 6.110953097515398401e-06
1.207000000000000000e+03 6.123293471559286563e-06
1.208000000000000000e+03 6.135648629285052285e-06
1.209000000000000000e+03 6.148021666589773662e-06
1.210000000000000000e+03 6.160412820838065248e-06
1.211000000000000000e+03 6.172825305479242985e-06
1.212000000000000000e+03 6.185259309133660509e-06
1.213000000000000000e+03 6.197717973133513408e-06
1.214000000000000000e+03 6.210201512238607317e-06
1.215000000000000000e+03 6.222713225027557958e-06
1.216000000000000000e+03 6.235253223073680515e-06
1.217000000000000000e+03 6.247824755044011662e-06
1.218000000000000000e+03 6.260428070965831638e-06
1.219000000000000000e+03 6.273066288117078400e-06
1.220000000000000000e+03 6.285739900549216286e-06
1.221000000000000000e+03 6.298451837637306334e-06
1.222000000000000000e+03 6.311202602500922304e-06
1.223000000000000000e+03 6.323995199318411528e-06
1.224000000000000000e+03 6.336830046894464232e-06
1.225000000000000000e+03 6.349710183832721209e-06
1.226000000000000000e+03 6.362636036024229943e-06
1.227000000000000000e+03 6.375610680100929254e-06
1.228000000000000000e+03 6.388634419841925910e-06
1.229000000000000000e+03 6.401710375726581572e-06
1.230000000000000000e+03 6.414838981846455936e-06
1.231000000000000000e+03 6.428023253594348280e-06
1.232000000000000000e+03 6.441263390074808286e-06
1.233000000000000000e+03 6.454562700792850588e-06
1.234000000000000000e+03 6.467921309519612839e-06
1.235000000000000000e+03 6.481342210608910503e-06
1.236000000000000000e+03 6.494825651380881955e-06
1.237000000000000000e+03 6.508374685155360864e-06
1.238000000000000000e+03 6.521989469094670547e-06
1.239000000000000000e+03 6.535673086265809893e-06
1.240000000000000000e+03 6.549425520153924268e-06
1.241000000000000000e+03 6.563249888795933807e-06
1.242000000000000000e+03 6.577146266625574493e-06
1.243000000000000000e+03 6.591117654174273821e-06
1.244000000000000000e+03 6.605164170319528918e-06
1.245000000000000000e+03 6.619288460811485887e-06
1.246000000000000000e+03 6.633490686183242433e-06
1.247000000000000000e+03 6.647773651090654904e-06
1.248000000000000000e+03 6.662137402531119374e-06
1.249000000000000000e+03 6.676584633487315212e-06
1.250000000000000000e+03 6.691115362578370840e-06
1.251000000000000000e+03 6.705732242898276621e-06
1.252000000000000000e+03 6.720435125990025134e-06
1.253000000000000000e+03 6.735226810354388383e-06
1.254000000000000000e+03 6.750106913646450413e-06
1.255000000000000000e+03 6.765078143529259060e-06
1.256000000000000000e+03 6.780140161579751692e-06
1.257000000000000000e+03 6.795295491386570408e-06
1.258000000000000000e+03 6.810543960690152773e-06
1.259000000000000000e+03 6.825887844979866030e-06
1.260000000000000000e+03 6.841326720938597616e-06
1.261000000000000000e+03 6.856863061810450538e-06
1.262000000000000000e+03 6.872496348086558870e-06
1.263000000000000000e+03 6.888228955200749847e-06
1.264000000000000000e+03 6.904060303803909855e-06
1.265000000000000000e+03 6.919992566095924951e-06
1.266000000000000000e+03 6.936025289949905841e-06
1.267000000000000000e+03 6.952160375833375442e-06
1.268000000000000000e+03 6.968397255851792377e-06
1.269000000000000000e+03 6.984737841952497614e-06
1.270000000000000000e+03 7.001181352938936124e-06
1.271000000000000000e+03 7.017729834801898977e-06
1.272000000000000000e+03 7.034382225947880842e-06
1.273000000000000000e+03 7.051140620480607017e-06
1.274000000000000000e+03 7.068003792951722109e-06
1.275000000000000000e+03 7.084973694776564471e-06
1.276000000000000000e+03 7.102048972856746001e-06
1.277000000000000000e+03 7.119231514251579932e-06
1.278000000000000000e+03 7.136520033978827379e-06
1.279000000000000000e+03 7.153916200632835810e-06
1.280000000000000000e+03 7.171418549536643561e-06
1.281000000000000000e+03 7.189028623906174774e-06
1.282000000000000000e+03 7.206745029028966558e-06
1.283000000000000000e+03 7.224569034605866940e-06
1.284000000000000000e+03 7.242499245795967259e-06
1.285000000000000000e+03 7.260536760521603447e-06
1.286000000000000000e+03 7.278679993990726191e-06
1.287000000000000000e+03 7.296929900299731087e-06
1.288000000000000000e+03 7.315284786014949866e-06
1.289000000000000000e+03 7.333745476924158668e-06
1.290000000000000000e+03 7.352310369726387211e-06
1.291000000000000000e+03 7.370979995501494102e-06
1.292000000000000000e+03 7.389752759431361067e-06
1.293000000000000000e+03 7.408628812561052184e-06
1.294000000000000000e+03 7.427606547804372104e-06
1.295000000000000000e+03 7.446686215409505563e-06
1.296000000000000000e+03 7.465865827849285823e-06
1.297000000000000000e+03 7.485145587726224880e-06
1.298000000000000000e+03 7.504523300646716565e-06
1.299000000000000000e+03 7.523999095155773681e-06
1.300000000000000000e+03 7.543570794088816287e-06
1.301000000000000000e+03 7.563238259904891059e-06
1.302000000000000000e+03 7.582999073543587198e-06
1.303000000000000000e+03 7.602853099315306209e-06
1.304000000000000000e+03 7.622797756029473364e-06
1.305000000000000000e+03 7.642832650350451807e-06
1.306000000000000000e+03 7.662955240480346026e-06
1.307000000000000000e+03 7.683164766468566625e-06
1.308000000000000000e+03 7.703458638450067685e-06
1.309000000000000000e+03 7.723836025554415446e-06
1.310000000000000000e+03 7.744294272079728765e-06
1.311000000000000000e+03 7.764832223657352060e-06
1.312000000000000000e+03 7.785447146473242132e-06
1.313000000000000000e+03 7.806137836625908356e-06
1.314000000000000000e+03 7.826901286013780571e-06
1.315000000000000000e+03 7.847736355384073650e-06
1.316000000000000000e+03 7.868639660756117314e-06
1.317000000000000000e+03 7.889609823704766541e-06
1.318000000000000000e+03 7.910643581526315490e-06
1.319000000000000000e+03 7.931739384646054416e-06
1.320000000000000000e+03 7.952893543474632047e-06
1.321000000000000000e+03 7.974104727420265048e-06
1.322000000000000000e+03 7.995368787226827899e-06
1.323000000000000000e+03 8.016684221782455243e-06
1.324000000000000000e+03 8.038046941138433853e-06
1.325000000000000000e+03 8.059455323877985557e-06
1.326000000000000000e+03 8.080905183547226330e-06
1.327000000000000000e+03 8.102394578895302123e-06
1.328000000000000000e+03 8.123919195481506587e-06
1.329000000000000000e+03 8.145477062850653373e-06
1.330000000000000000e+03 8.167063728279592706e-06
1.331000000000000000e+03 8.188676912786433824e-06
1.332000000000000000e+03 8.210312215040378833e-06
1.333000000000000000e+03 8.231967331415487759e-06
1.334000000000000000e+03 8.253637407937030105e-06
1.335000000000000000e+03 8.275320229874477449e-06
1.336000000000000000e+03 8.297010865269189883e-06
1.337000000000000000e+03 8.318706868030006568e-06
1.338000000000000000e+03 8.340403363809208092e-06
1.339000000000000000e+03 8.362097538744388771e-06
1.340000000000000000e+03 8.383784462141879562e-06
1.341000000000000000e+03 8.405461264007853180e-06
1.342000000000000000e+03 8.427123134701029479e-06
1.343000000000000000e+03 8.448766868450446183e-06
1.344000000000000000e+03 8.470387451223275918e-06
1.345000000000000000e+03 8.491981633770429768e-06
1.346000000000000000e+03 8.513544473445021541e-06
1.347000000000000000e+03 8.535072596663396987e-06
1.348000000000000000e+03 8.556561035806112527e-06
1.349000000000000000e+03 8.578006276364410698e-06
1.350000000000000000e+03 8.599403090834889223e-06
1.351000000000000000e+03 8.620748024539704867e-06
1.352000000000000000e+03 8.642035892400498122e-06
1.353000000000000000e+03 8.663263193285853630e-06
1.354000000000000000e+03 8.684424486216088600e-06
1.355000000000000000e+03 8.705516192654120551e-06
1.356000000000000000e+03 8.726532913181163058e-06
1.357000000000000000e+03 8.747471192578181514e-06
1.358000000000000000e+03 8.768325374913547382e-06
1.359000000000000000e+03 8.789091798125726318e-06
1.360000000000000000e+03 8.809765061969263312e-06
1.361000000000000000e+03 8.830341590152112997e-06
1.362000000000000000e+03 8.850815832278954070e-06
1.363000000000000000e+03 8.871183984812489466e-06
1.364000000000000000e+03 8.891440838299568685e-06
1.365000000000000000e+03 8.911582449818366506e-06
1.366000000000000000e+03 8.931603526611424425e-06
1.367000000000000000e+03 8.951500433938565824e-06
1.368000000000000000e+03 8.971267856314427366e-06
1.369000000000000000e+03 8.990901823811874426e-06
1.370000000000000000e+03 9.010397430874538170e-06
1.371000000000000000e+03 9.029750761634378479e-06
1.372000000000000000e+03 9.048956667293308589e-06
1.373000000000000000e+03 9.068011424308698807e-06
1.374000000000000000e+03 9.086910024146043011e-06
1.375000000000000000e+03 9.105649034314404551e-06
1.376000000000000000e+03 9.124223287423984154e-06
1.377000000000000000e+03 9.142629278791670919e-06
1.378000000000000000e+03 9.160861994376729572e-06
1.379000000000000000e+03 9.178918366688791346e-06
1.380000000000000000e+03 9.196793228824880683e-06
1.381000000000000000e+03 9.214483512005549703e-06
1.382000000000000000e+03 9.231984430344916404e-06
1.383000000000000000e+03 9.249293194240298363e-06
1.384000000000000000e+03 9.266404758537098954e-06
1.385000000000000000e+03 9.283316497925660197e-06
1.386000000000000000e+03 9.300023950499262138e-06
1.387000000000000000e+03 9.316524185056863474e-06
1.388000000000000000e+03 9.332813021757525642e-06
1.389000000000000000e+03 9.348887875340055492e-06
1.390000000000000000e+03 9.364744783288971879e-06
1.391000000000000000e+03 9.380381106238552298e-06
1.392000000000000000e+03 9.395793065682976684e-06
1.393000000000000000e+03 9.410978267396798746e-06
1.394000000000000000e+03 9.425933099731694732e-06
1.395000000000000000e+03 9.440655314144173890e-06
1.396000000000000000e+03 9.455141676120247648e-06
1.397000000000000000e+03 9.469390284006683339e-06
1.398000000000000000e+03 9.483397938597688101e-06
1.399000000000000000e+03 9.497162737246195346e-06
1.400000000000000000e+03 9.510682037357616686e-06
1.401000000000000000e+03 9.523954237868284696e-06
1.402000000000000000e+03 9.536976592795086240e-06
1.403000000000000000e+03 9.549747918709810000e-06
1.404000000000000000e+03 9.562265759674059399e-06
1.405000000000000000e+03 9.574529211210388330e-06
1.406000000000000000e+03 9.586535800679400770e-06
1.407000000000000000e+03 9.598285079364110505e-06
1.408000000000000000e+03 9.609775096186419418e-06
1.409000000000000000e+03 9.621005278481256764e-06
1.410000000000000000e+03 9.631974208214656673e-06
1.411000000000000000e+03 9.642681370744275984e-06
1.412000000000000000e+03 9.653125495932993880e-06
1.413000000000000000e+03 9.663306596741076833e-06
1.414000000000000000e+03 9.673223608936397535e-06
1.415000000000000000e+03 9.682876636485265626e-06
1.416000000000000000e+03 9.692265256224469346e-06
1.417000000000000000e+03 9.701389722935740772e-06
1.418000000000000000e+03 9.710249582164617762e-06
1.419000000000000000e+03 9.718845454643261329e-06
1.420000000000000000e+03 9.727177448697642753e-06
1.421000000000000000e+03 9.735246216662019270e-06
1.422000000000000000e+03 9.743052224632104541e-06
1.423000000000000000e+03 9.750596232935922455e-06
1.424000000000000000e+03 9.757879008513041370e-06
1.425000000000000000e+03 9.764901641905023166e-06
1.426000000000000000e+03 9.771665167823421409e-06
1.427000000000000000e+03 9.778170893651037159e-06
1.428000000000000000e+03 9.784420097670553027e-06
1.429000000000000000e+03 9.790414484553004013e-06
1.430000000000000000e+03 9.796155343453757046e-06
1.431000000000000000e+03 9.801644644175249474e-06
1.432000000000000000e+03 9.806883990592298609e-06
1.433000000000000000e+03 9.811875572049913040e-06
1.434000000000000000e+03 9.816621209555221968e-06
1.435000000000000000e+03 9.821123493334503758e-06
1.436000000000000000e+03 9.825384224204385168e-06
1.437000000000000000e+03 9.829406052895722732e-06
1.438000000000000000e+03 9.833191471640233470e-06
1.439000000000000000e+03 9.836743045522429975e-06
1.440000000000000000e+03 9.840063314972953435e-06
1.441000000000000000e+03 9.843155275069102341e-06
1.442000000000000000e+03 9.846021560693745089e-06
1.443000000000000000e+03 9.848665358748428307e-06
1.444000000000000000e+03 9.851089416170202107e-06
1.445000000000000000e+03 9.853297099826887882e-06
1.446000000000000000e+03 9.855291403196546956e-06
1.447000000000000000e+03 9.857075715301830165e-06
1.448000000000000000e+03 9.858653171928208992e-06
1.449000000000000000e+03 9.860027481421883066e-06
1.450000000000000000e+03 9.861201803016499779e-06
1.451000000000000000e+03 9.862179868197852096e-06
1.452000000000000000e+03 9.862965029558073098e-06
1.453000000000000000e+03 9.863561118611107676e-06
1.454000000000000000e+03 9.863971509218689306e-06
1.455000000000000000e+03 9.864200164243669037e-06
1.456000000000000000e+03 9.864250619521486275e-06
1.457000000000000000e+03 9.864126846501227835e-06
1.458000000000000000e+03 9.863832457922797300e-06
1.459000000000000000e+03 9.863371489877058253e-06
1.460000000000000000e+03 9.862747617888335830e-06
1.461000000000000000e+03 9.861964917623080277e-06
1.462000000000000000e+03 9.861027114666234616e-06
1.463000000000000000e+03 9.859938312383620683e-06
1.464000000000000000e+03 9.858702275064838721e-06
1.465000000000000000e+03 9.857323123263447330e-06
1.466000000000000000e+03 9.855804650002852248e-06
1.467000000000000000e+03 9.854150985182804108e-06
1.468000000000000000e+03 9.852365925302267790e-06
1.469000000000000000e+03 9.850453603769126568e-06
1.470000000000000000e+03 9.848417824336831844e-06
1.471000000000000000e+03 9.846262719060689105e-06
1.472000000000000000e+03 9.843992096482918284e-06
1.473000000000000000e+03 9.841610047702054422e-06
1.474000000000000000e+03 9.839120401674782181e-06
1.475000000000000000e+03 9.836527206813695828e-06
1.476000000000000000e+03 9.833834283782873310e-06
1.477000000000000000e+03 9.831045651384112590e-06
1.478000000000000000e+03 9.828165110172905732e-06
1.479000000000000000e+03 9.825196653307516161e-06
1.480000000000000000e+03 9.822144053339166368e-06
1.481000000000000000e+03 9.819011262405100192e-06
1.482000000000000000e+03 9.815802053952482446e-06
1.483000000000000000e+03 9.812520297849072504e-06
1.484000000000000000e+03 9.809169745654124453e-06
1.485000000000000000e+03 9.805754233343971283e-06
1.486000000000000000e+03 9.802277446942822921e-06
1.487000000000000000e+03 9.798743188627478888e-06
1.488000000000000000e+03 9.795155090790176047e-06
1.489000000000000000e+03 9.791516907478398917e-06
1.490000000000000000e+03 9.787832217398038562e-06
1.491000000000000000e+03 9.784104720216412073e-06
1.492000000000000000e+03 9.780337921470327753e-06
1.493000000000000000e+03 9.776535444323615446e-06
1.494000000000000000e+03 9.772700692716716097e-06
1.495000000000000000e+03 9.768837304413851164e-06
1.496000000000000000e+03 9.764948616907564942e-06
1.497000000000000000e+03 9.761038134225532542e-06
1.498000000000000000e+03 9.757109240502480902e-06
1.499000000000000000e+03 9.753165226150347419e-06
1.500000000000000000e+03 9.749209389025376095e-06
1.501000000000000000e+03 9.745244890727676994e-06
1.502000000000000000e+03 9.741275079060651937e-06
1.503000000000000000e+03 9.737302893479332709e-06
1.504000000000000000e+03 9.733331685299062032e-06
1.505000000000000000e+03 9.729364264208709276e-06
1.506000000000000000e+03 9.725403737834465933e-06
1.507000000000000000e+03 9.721453004353286642e-06
1.508000000000000000e+03 9.717514945055755128e-06
1.509000000000000000e+03 9.713592470316342721e-06
1.510000000000000000e+03 9.709688316247668986e-06
1.511000000000000000e+03 9.705805127708871669e-06
1.512000000000000000e+03 9.701945623726763827e-06
1.513000000000000000e+03 9.698112338863163018e-06
1.514000000000000000e+03 9.694307922019353244e-06
1.515000000000000000e+03 9.690534693793014450e-06
1.516000000000000000e+03 9.686795205579417568e-06
1.517000000000000000e+03 9.683091569776123479e-06
1.518000000000000000e+03 9.679426310601218865e-06
1.519000000000000000e+03 9.675801341340322870e-06
1.520000000000000000e+03 9.672219140885528782e-06
1.521000000000000000e+03 9.668681636851397018e-06
1.522000000000000000e+03 9.665190934309852863e-06
1.523000000000000000e+03 9.661748747980344158e-06
1.524000000000000000e+03 9.658357144170972018e-06
1.525000000000000000e+03 9.655017703139349037e-06
1.526000000000000000e+03 9.651732412801769734e-06
1.527000000000000000e+03 9.648502741221409883e-06
1.528000000000000000e+03 9.645330439553486681e-06
1.529000000000000000e+03 9.642216877224724518e-06
1.530000000000000000e+03 9.639163658451040874e-06
1.531000000000000000e+03 9.636172064061983804e-06
1.532000000000000000e+03 9.633243418499963843e-06
1.533000000000000000e+03 9.630379081355189689e-06
1.534000000000000000e+03 9.627580038571497954e-06
1.535000000000000000e+03 9.624847494130007135e-06
1.536000000000000000e+03 9.622182528186364300e-06
1.537000000000000000e+03 9.619585941243940315e-06
1.538000000000000000e+03 9.617058626662946697e-06
1.539000000000000000e+03 9.614601476278271586e-06
1.540000000000000000e+03 9.612215105716122424e-06
1.541000000000000000e+03 9.609900229974160710e-06
1.542000000000000000e+03 9.607657442544974147e-06
1.543000000000000000e+03 9.605487194501264469e-06
1.544000000000000000e+03 9.603390162998193521e-06
1.545000000000000000e+03 9.601366480976687907e-06
1.546000000000000000e+03 9.599416672558497385e-06
1.547000000000000000e+03 9.597540819937059803e-06
1.548000000000000000e+03 9.595739357722488425e-06
1.549000000000000000e+03 9.594012125769494498e-06
1.550000000000000000e+03 9.592359483574242955e-06
1.551000000000000000e+03 9.590781112456813154e-06
1.552000000000000000e+03 9.589277001747679936e-06
1.553000000000000000e+03 9.587847004120464775e-06
1.554000000000000000e+03 9.586491054806617175e-06
1.555000000000000000e+03 9.585208737839778082e-06
1.556000000000000000e+03 9.583999602664674473e-06
1.557000000000000000e+03 9.582863542162213023e-06
1.558000000000000000e+03 9.581799733180366437e-06
1.559000000000000000e+03 9.580808023761844106e-06
1.560000000000000000e+03 9.579887492409960040e-06
1.561000000000000000e+03 9.579037680894751812e-06
1.562000000000000000e+03 9.578257687157423384e-06
1.563000000000000000e+03 9.577546902185710579e-06
1.564000000000000000e+03 9.576904521297256408e-06
1.565000000000000000e+03 9.576329532233817608e-06
1.566000000000000000e+03 9.575820996123848294e-06
1.567000000000000000e+03 9.575377962472511549e-06
1.568000000000000000e+03 9.574999269358098014e-06
1.569000000000000000e+03 9.574683928660169147e-06
1.570000000000000000e+03 9.574430787121302055e-06
1.571000000000000000e+03 9.574238666610158523e-06
1.572000000000000000e+03 9.574106086578657973e-06
1.573000000000000000e+03 9.574032040581224179e-06
1.574000000000000000e+03 9.574014866754857633e-06
1.575000000000000000e+03 9.574053318781735830e-06
1.576000000000000000e+03 9.574145877745935150e-06
1.577000000000000000e+03 9.574291040166379790e-06
1.578000000000000000e+03 9.574487161351464350e-06
1.579000000000000000e+03 9.574732724023409989e-06
1.580000000000000000e+03 9.575026008336577987e-06
1.581000000000000000e+03 9.575365304698585524e-06
1.582000000000000000e+03 9.575748690086654732e-06
1.583000000000000000e+03 9.576174616110563352e-06
1.584000000000000000e+03 9.576641175374839076e-06
1.585000000000000000e+03 9.577146441967981179e-06
1.586000000000000000e+03 9.577688474875442558e-06
1.587000000000000000e+03 9.578265441911081924e-06
1.588000000000000000e+03 9.578875226839648953e-06
1.589000000000000000e+03 9.579515995336444065e-06
1.590000000000000000e+03 9.580185528949552101e-06
1.591000000000000000e+03 9.580881842343523554e-06
1.592000000000000000e+03 9.581602771356989529e-06
1.593000000000000000e+03 9.582346249697354693e-06
1.594000000000000000e+03 9.583109973124144811e-06
1.595000000000000000e+03 9.583891814342517256e-06
1.596000000000000000e+03 9.584689390463001500e-06
1.597000000000000000e+03 9.585500793426075125e-06
1.598000000000000000e+03 9.586323444064228749e-06
1.599000000000000000e+03 9.587155253784574935e-06
1.600000000000000000e+03 9.587993660516491698e-06
1.601000000000000000e+03 9.588836505951163963e-06
1.602000000000000000e+03 9.589681333053697447e-06
1.603000000000000000e+03 9.590525938035174505e-06
1.604000000000000000e+03 9.591367632820257055e-06
1.605000000000000000e+03 9.592204312129854184e-06
1.606000000000000000e+03 9.593033310708601734e-06
1.607000000000000000e+03 9.593852430409451681e-06
1.608000000000000000e+03 9.594658989865595682e-06
1.609000000000000000e+03 9.595450756171177266e-06
1.610000000000000000e+03 9.596225159875456002e-06
1.611000000000000000e+03 9.596979818613235794e-06
1.612000000000000000e+03 9.597712079265132229e-06
1.613000000000000000e+03 9.598419744769061786e-06
1.614000000000000000e+03 9.599100260239047750e-06
1.615000000000000000e+03 9.599751247270235533e-06
1.616000000000000000e+03 9.600370065698519864e-06
1.617000000000000000e+03 9.600954524912322095e-06
1.618000000000000000e+03 9.601501955657962376e-06
1.619000000000000000e+03 9.602010122101450629e-06
1.620000000000000000e+03 9.602476339835674027e-06
1.621000000000000000e+03 9.602898375885136437e-06
1.622000000000000000e+03 9.603273789795735492e-06
1.623000000000000000e+03 9.603600236739681954e-06
1.624000000000000000e+03 9.603875267952570531e-06
1.625000000000000000e+03 9.604096499460191503e-06
1.626000000000000000e+03 9.604261510538929822e-06
1.627000000000000000e+03 9.604368272396646047e-06
1.628000000000000000e+03 9.604414026051474781e-06
1.629000000000000000e+03 9.604396915052437091e-06
1.630000000000000000e+03 9.604314407692399411e-06
1.631000000000000000e+03 9.604164533851542842e-06
1.632000000000000000e+03 9.603944847170131031e-06
1.633000000000000000e+03 9.603653375477317478e-06
1.634000000000000000e+03 9.603287856258123145e-06
1.635000000000000000e+03 9.602846339367390640e-06
1.636000000000000000e+03 9.602326553517369869e-06
1.637000000000000000e+03 9.601726702691657875e-06
1.638000000000000000e+03 9.601044551266945393e-06
1.639000000000000000e+03 9.600278282272062751e-06
1.640000000000000000e+03 9.599425821944761398e-06
1.641000000000000000e+03 9.598485503729465744e-06
1.642000000000000000e+03 9.597455237309657618e-06
1.643000000000000000e+03 9.596333574545414631e-06
1.644000000000000000e+03 9.595118339561434161e-06
1.645000000000000000e+03 9.593808231015945660e-06
1.646000000000000000e+03 9.592401293357819095e-06
1.647000000000000000e+03 9.590896119758411222e-06
1.648000000000000000e+03 9.589290872358460698e-06
1.649000000000000000e+03 9.587584499981060773e-06
1.650000000000000000e+03 9.585775030899193271e-06
1.651000000000000000e+03 9.583861611901915202e-06
1.652000000000000000e+03 9.581842365544431003e-06
1.653000000000000000e+03 9.579716487209720418e-06
1.654000000000000000e+03 9.577482274134561414e-06
1.655000000000000000e+03 9.575139014771335611e-06
1.656000000000000000e+03 9.572685005643310913e-06
1.657000000000000000e+03 9.570119746234033000e-06
1.658000000000000000e+03 9.567441576752294132e-06
1.659000000000000000e+03 9.564650260480547702e-06
1.660000000000000000e+03 9.561744190000000710e-06
1.661000000000000000e+03 9.558723096236456434e-06
1.662000000000000000e+03 9.555585759352224409e-06
1.663000000000000000e+03 9.552331861421543165e-06
1.664000000000000000e+03 9.548960394974580521e-06
1.665000000000000000e+03 9.545471069413942781e-06
1.666000000000000000e+03 9.541863044717260992e-06
1.667000000000000000e+03 9.538136188524788347e-06
1.668000000000000000e+03 9.534289697065090807e-06
1.669000000000000000e+03 9.530323656803872692e-06
1.670000000000000000e+03 9.526237342180832735e-06
1.671000000000000000e+03 9.522030992219640975e-06
1.672000000000000000e+03 9.517704069851105260e-06
1.673000000000000000e+03 9.513256736665101930e-06
1.674000000000000000e+03 9.508688691941089038e-06
1.675000000000000000e+03 9.504000332473598901e-06
1.676000000000000000e+03 9.499191310928533255e-06
1.677000000000000000e+03 9.494262377604668118e-06
1.678000000000000000e+03 9.489213018393255510e-06
1.679000000000000000e+03 9.484044206396961791e-06
1.680000000000000000e+03 9.478755693365270137e-06
1.681000000000000000e+03 9.473348532388690580e-06
1.682000000000000000e+03 9.467822507199926690e-06
1.683000000000000000e+03 9.462178784035453331e-06
1.684000000000000000e+03 9.456417306694937691e-06
1.685000000000000000e+03 9.450539353239427741e-06
1.686000000000000000e+03 9.444544973437833381e-06
1.687000000000000000e+03 9.438435651607503005e-06
1.688000000000000000e+03 9.432211428400542861e-06
1.689000000000000000e+03 9.425873936185806141e-06
1.690000000000000000e+03 9.419423347911858987e-06
1.691000000000000000e+03 9.412861326999794295e-06
1.692000000000000000e+03 9.406188325768588949e-06
1.693000000000000000e+03 9.399405981661208050e-06
1.694000000000000000e+03 9.392514812668297362e-06
1.695000000000000000e+03 9.385516678239813566e-06
1.696000000000000000e+03 9.378412129879586245e-06
1.697000000000000000e+03 9.371203139505392170e-06
1.698000000000000000e+03 9.363890338178916794e-06
1.699000000000000000e+03 9.356475778749043226e-06
1.700000000000000000e+03 9.348960220405942118e-06
1.701000000000000000e+03 9.341345806090477696e-06
1.702000000000000000e+03 9.333633370435085689e-06
1.703000000000000000e+03 9.325825135777610918e-06
1.704000000000000000e+03 9.317921946137870665e-06
1.705000000000000000e+03 9.309926213791869622e-06
1.706000000000000000e+03 9.301838811545385774e-06
1.707000000000000000e+03 9.293662217758779005e-06
1.708000000000000000e+03 9.285397333952493239e-06
1.709000000000000000e+03 9.277046764144095643e-06
1.710000000000000000e+03 9.268611496502383564e-06
1.711000000000000000e+03 9.260094119941284868e-06
1.712000000000000000e+03 9.251495723905228460e-06
1.713000000000000000e+03 9.242818976366272353e-06
1.714000000000000000e+03 9.234064983071217636e-06
1.715000000000000000e+03 9.225236484529594636e-06
1.716000000000000000e+03 9.216334626619139786e-06
1.717000000000000000e+03 9.207362204963950430e-06
1.718000000000000000e+03 9.198320399350953358e-06
1.719000000000000000e+03 9.189212059773415467e-06
1.720000000000000000e+03 9.180038378638751223e-06
1.721000000000000000e+03 9.170802264908667397e-06
1.722000000000000000e+03 9.161504928034875267e-06
1.723000000000000000e+03 9.152149311792230605e-06
1.724000000000000000e+03 9.142736640837563619e-06
1.725000000000000000e+03 9.133269897440841515e-06
1.726000000000000000e+03 9.123750318087009962e-06
1.727000000000000000e+03 9.114180921256159336e-06
1.728000000000000000e+03 9.104562936249442154e-06
1.729000000000000000e+03 9.094899414802670170e-06
1.730000000000000000e+03 9.085191568849732200e-06
1.731000000000000000e+03 9.075442487552036813e-06
1.732000000000000000e+03 9.065653372360875980e-06
1.733000000000000000e+03 9.055827327250167262e-06
1.734000000000000000e+03 9.045965543051998005e-06
1.735000000000000000e+03 9.036071134857779551e-06
1.736000000000000000e+03 9.026145274216424943e-06
1.737000000000000000e+03 9.016191082495383631e-06
1.738000000000000000e+03 9.006209713656947142e-06
1.739000000000000000e+03 8.996204290489174702e-06
1.740000000000000000e+03 8.986175940972799557e-06
1.741000000000000000e+03 8.976127785177257540e-06
1.742000000000000000e+03 8.966060920289975079e-06
1.743000000000000000e+03 8.955978466555188504e-06
1.744000000000000000e+03 8.945881479460170577e-06
1.745000000000000000e+03 8.935773078405092685e-06
1.746000000000000000e+03 8.925654270790879183e-06
1.747000000000000000e+03 8.915528167068391792e-06
1.748000000000000000e+03 8.905395734016345499e-06
1.749000000000000000e+03 8.895260056186548138e-06
1.750000000000000000e+03 8.885122060939965846e-06
1.751000000000000000e+03 8.874984815883649568e-06
1.752000000000000000e+03 8.864849196355204506e-06
1.753000000000000000e+03 8.854718242184464298e-06
1.754000000000000000e+03 8.844592781877814078e-06
1.755000000000000000e+03 8.834475822105074052e-06
1.756000000000000000e+03 8.824368139074709468e-06
1.757000000000000000e+03 8.814272707467228277e-06
1.758000000000000000e+03 8.804190247577815603e-06
1.759000000000000000e+03 8.794123695492721062e-06
1.760000000000000000e+03 8.784073707754004075e-06
1.761000000000000000e+03 8.774043191538285049e-06
1.762000000000000000e+03 8.764032734333174288e-06
1.763000000000000000e+03 8.754045198503539288e-06
1.764000000000000000e+03 8.744081102994055962e-06
1.765000000000000000e+03 8.734143266535175724e-06
1.766000000000000000e+03 8.724232136950507281e-06
1.767000000000000000e+03 8.714350483277504935e-06
1.768000000000000000e+03 8.704498675936465024e-06
1.769000000000000000e+03 8.694679436249000897e-06
1.770000000000000000e+03 8.684893052659773712e-06
1.771000000000000000e+03 8.675142190959567317e-06
1.772000000000000000e+03 8.665427058160315147e-06
1.773000000000000000e+03 8.655750257530002564e-06
1.774000000000000000e+03 8.646111907923344049e-06
1.775000000000000000e+03 8.636514548318265075e-06
1.776000000000000000e+03 8.626958207555578505e-06
1.777000000000000000e+03 8.617445357750953114e-06
1.778000000000000000e+03 8.607975931053859901e-06
1.779000000000000000e+03 8.598552329759194264e-06
1.780000000000000000e+03 8.589174386515148403e-06
1.781000000000000000e+03 8.579844431158180357e-06
1.782000000000000000e+03 8.570562194763006877e-06
1.783000000000000000e+03 8.561329932520628203e-06
1.784000000000000000e+03 8.552147272888383604e-06
1.785000000000000000e+03 8.543016395754143564e-06
1.786000000000000000e+03 8.533936827699059271e-06
1.787000000000000000e+03 8.524910676123166722e-06
1.788000000000000000e+03 8.515937365756840011e-06
1.789000000000000000e+03 8.507018932892573352e-06
1.790000000000000000e+03 8.498154706884858081e-06
1.791000000000000000e+03 8.489346656785514664e-06
1.792000000000000000e+03 8.480594021205900131e-06
1.793000000000000000e+03 8.471898708726843330e-06
1.794000000000000000e+03 8.463259873727980301e-06
1.795000000000000000e+03 8.454679371511105129e-06
1.796000000000000000e+03 8.446156279591860913e-06
1.797000000000000000e+03 8.437692408128607665e-06
1.798000000000000000e+03 8.429286765221288285e-06
1.799000000000000000e+03 8.420941123810771800e-06
1.800000000000000000e+03 8.412654430522768423e-06
1.801000000000000000e+03 8.404428427880219959e-06
1.802000000000000000e+03 8.396262007343649220e-06
1.803000000000000000e+03 8.388156887988347261e-06
1.804000000000000000e+03 8.380111912027584094e-06
1.805000000000000000e+03 8.372128779297445953e-06
1.806000000000000000e+03 8.364206286912602230e-06
1.807000000000000000e+03 8.356346119603644856e-06
1.808000000000000000e+03 8.348547032333734498e-06
1.809000000000000000e+03 8.340810696715963583e-06
1.810000000000000000e+03 8.333135826696381400e-06
1.811000000000000000e+03 8.325524082236564509e-06
1.812000000000000000e+03 8.317974136808436208e-06
1.813000000000000000e+03 8.310487638543753369e-06
1.814000000000000000e+03 8.303063220055650228e-06
1.815000000000000000e+03 8.295702517026467835e-06
1.816000000000000000e+03 8.288404120238465861e-06
1.817000000000000000e+03 8.281169651792738700e-06
1.818000000000000000e+03 8.273997659170735563e-06
1.819000000000000000e+03 8.266889749684430124e-06
1.820000000000000000e+03 8.259844425843546344e-06
1.821000000000000000e+03 8.252863278540390282e-06
1.822000000000000000e+03 8.245944764211841533e-06
1.823000000000000000e+03 8.239090456065488062e-06
1.824000000000000000e+03 8.232298762148148921e-06
1.825000000000000000e+03 8.225571237077651133e-06
1.826000000000000000e+03 8.218906240310838189e-06
1.827000000000000000e+03 8.212305305893431080e-06
1.828000000000000000e+03 8.205766742723449270e-06
1.829000000000000000e+03 8.199292065720860522e-06
1.830000000000000000e+03 8.192879532781577440e-06
1.831000000000000000e+03 8.186530636836277379e-06
1.832000000000000000e+03 8.180243583618200499e-06
1.833000000000000000e+03 8.174019846620527230e-06
1.834000000000000000e+03 8.167857579138554827e-06
1.835000000000000000e+03 8.161758234082637642e-06
1.836000000000000000e+03 8.155719913398499599e-06
1.837000000000000000e+03 8.149744047367816740e-06
1.838000000000000000e+03 8.143828689103733639e-06
1.839000000000000000e+03 8.137975246992947969e-06
1.840000000000000000e+03 8.132181723914387017e-06
1.841000000000000000e+03 8.126449507959688267e-06
1.842000000000000000e+03 8.120776555071335427e-06
1.843000000000000000e+03 8.115164231088016237e-06
1.844000000000000000e+03 8.109610441181660940e-06
1.845000000000000000e+03 8.104116537262266178e-06
1.846000000000000000e+03 8.098680374063166022e-06
1.847000000000000000e+03 8.093303288947321800e-06
1.848000000000000000e+03 8.087983089017107804e-06
1.849000000000000000e+03 8.082721092856966514e-06
1.850000000000000000e+03 8.077515063988234466e-06
1.851000000000000000e+03 8.072366308805780923e-06
1.852000000000000000e+03 8.067272542094487754e-06
1.853000000000000000e+03 8.062235058635001524e-06
1.854000000000000000e+03 8.057251528294885474e-06
1.855000000000000000e+03 8.052323235488790181e-06
1.856000000000000000e+03 8.047447809630559615e-06
1.857000000000000000e+03 8.042626523541799173e-06
1.858000000000000000e+03 8.037856963658082343e-06
1.859000000000000000e+03 8.033140396820804367e-06
1.860000000000000000e+03 8.028474366333774028e-06
1.861000000000000000e+03 8.023860135883719081e-06
1.862000000000000000e+03 8.019295211310716376e-06
1.863000000000000000e+03 8.014780844898888599e-06
1.864000000000000000e+03 8.010314507978501345e-06
1.865000000000000000e+03 8.005897449593103732e-06
1.866000000000000000e+03 8.001527103484915479e-06
1.867000000000000000e+03 7.997204718843963113e-06
1.868000000000000000e+03 7.992927694149065131e-06
1.869000000000000000e+03 7.988697273464690759e-06
1.870000000000000000e+03 7.984510824033289075e-06
1.871000000000000000e+03 7.980369594079519765e-06
1.872000000000000000e+03 7.976270916759347390e-06
1.873000000000000000e+03 7.972216043449153143e-06
1.874000000000000000e+03 7.968202272941503364e-06
1.875000000000000000e+03 7.964230863182466733e-06
1.876000000000000000e+03 7.960299081644470304e-06
1.877000000000000000e+03 7.956408192540596576e-06
1.878000000000000000e+03 7.952555436215273863e-06
1.879000000000000000e+03 7.948742081401916594e-06
1.880000000000000000e+03 7.944965343833350314e-06
1.881000000000000000e+03 7.941226499366921092e-06
1.882000000000000000e+03 7.937522739472351553e-06
1.883000000000000000e+03 7.933855347809689259e-06
1.884000000000000000e+03 7.930221491465558144e-06
1.885000000000000000e+03 7.926622466922836064e-06
1.886000000000000000e+03 7.923055417869541108e-06
1.887000000000000000e+03 7.919521651592740976e-06
1.888000000000000000e+03 7.916018290889184018e-06
1.889000000000000000e+03 7.912546655925422874e-06
1.890000000000000000e+03 7.909103850282904344e-06
1.891000000000000000e+03 7.905691208185358597e-06
1.892000000000000000e+03 7.902305813778661656e-06
1.893000000000000000e+03 7.898949018442213480e-06
1.894000000000000000e+03 7.895617885836687949e-06
1.895000000000000000e+03 7.892313788001262349e-06
1.896000000000000000e+03 7.889033770254811736e-06
1.897000000000000000e+03 7.885779222280518008e-06
1.898000000000000000e+03 7.882547175512041629e-06
1.899000000000000000e+03 7.879339039122282699e-06
1.900000000000000000e+03 7.876151829759204669e-06
1.901000000000000000e+03 7.872986977200063601e-06
1.902000000000000000e+03 7.869841484632452975e-06
1.903000000000000000e+03 7.866716805413316794e-06
1.904000000000000000e+03 7.863609929481701175e-06
1.905000000000000000e+03 7.860522334236321639e-06
1.906000000000000000e+03 7.857450997680920214e-06
1.907000000000000000e+03 7.854397422552059541e-06
1.908000000000000000e+03 7.851358575999272814e-06
1.909000000000000000e+03 7.848335987293781612e-06
1.910000000000000000e+03 7.845326613784371948e-06
1.911000000000000000e+03 7.842332012456610838e-06
1.912000000000000000e+03 7.839349131890555280e-06
1.913000000000000000e+03 7.836379557638693664e-06
1.914000000000000000e+03 7.833420230853745838e-06
1.915000000000000000e+03 7.830472766535812211e-06
1.916000000000000000e+03 7.827534099362547194e-06
1.917000000000000000e+03 7.824605875112844948e-06
1.918000000000000000e+03 7.821685023090315305e-06
1.919000000000000000e+03 7.818773221122648416e-06
1.920000000000000000e+03 7.815867393772410807e-06
1.921000000000000000e+03 7.812969251753805897e-06
1.922000000000000000e+03 7.810075716228039464e-06
1.923000000000000000e+03 7.807188531701567304e-06
1.924000000000000000e+03 7.804304616964585648e-06
1.925000000000000000e+03 7.801425751493930630e-06
1.926000000000000000e+03 7.798548852445963409e-06
1.927000000000000000e+03 7.795675735213824497e-06
1.928000000000000000e+03 7.792803316619717168e-06
1.929000000000000000e+03 7.789933449052904247e-06
1.930000000000000000e+03 7.787063049827408522e-06
1.931000000000000000e+03 7.784194009116560754e-06
1.932000000000000000e+03 7.781323245372755355e-06
1.933000000000000000e+03 7.778452687481700166e-06
1.934000000000000000e+03 7.775579256200244375e-06
1.935000000000000000e+03 7.772704920297146978e-06
1.936000000000000000e+03 7.769826603909276070e-06
1.937000000000000000e+03 7.766946316616302019e-06
1.938000000000000000e+03 7.764060986841213465e-06
1.939000000000000000e+03 7.761172665990243944e-06
1.940000000000000000e+03 7.758278288065615323e-06
1.941000000000000000e+03 7.755379947253092279e-06
1.942000000000000000e+03 7.752474583744972799e-06
1.943000000000000000e+03 7.749564335419581370e-06
1.944000000000000000e+03 7.746646149369727433e-06
1.945000000000000000e+03 7.743722207833204980e-06
1.946000000000000000e+03 7.740789465975213461e-06
1.947000000000000000e+03 7.737850151014320123e-06
1.948000000000000000e+03 7.734901227130037082e-06
1.949000000000000000e+03 7.731944967771805193e-06
1.950000000000000000e+03 7.728978346583301659e-06
1.951000000000000000e+03 7.726003684733099856e-06
1.952000000000000000e+03 7.723017967997233127e-06
1.953000000000000000e+03 7.720023566964896659e-06
1.954000000000000000e+03 7.717017479800302522e-06
1.955000000000000000e+03 7.714002126733836786e-06
1.956000000000000000e+03 7.710974519397098312e-06
1.957000000000000000e+03 7.707937128237483829e-06
1.958000000000000000e+03 7.704886979508196907e-06
1.959000000000000000e+03 7.701826593268441584e-06
1.960000000000000000e+03 7.698753007826978790e-06
1.961000000000000000e+03 7.695668792496716367e-06
1.962000000000000000e+03 7.692570998466872578e-06
1.963000000000000000e+03 7.689462243837587860e-06
1.964000000000000000e+03 7.686339591618130489e-06
1.965000000000000000e+03 7.683205708560917431e-06
1.966000000000000000e+03 7.680057676615763046e-06
1.967000000000000000e+03 7.676898229836364953e-06
1.968000000000000000e+03 7.673724488991642438e-06
1.969000000000000000e+03 7.670539263078394906e-06
1.970000000000000000e+03 7.667339706103227997e-06
1.971000000000000000e+03 7.664128683453424353e-06
1.972000000000000000e+03 7.660903361547090546e-06
1.973000000000000000e+03 7.657666654793207311e-06
1.974000000000000000e+03 7.654415746415528193e-06
1.975000000000000000e+03 7.651153595228754823e-06
1.976000000000000000e+03 7.647877347887192646e-06
1.977000000000000000e+03 7.644589863581161809e-06
1.978000000000000000e+03 7.641288053657751338e-06
1.979000000000000000e+03 7.637974603689923434e-06
1.980000000000000000e+03 7.634646440481329476e-06
1.981000000000000000e+03 7.631306595741277910e-06
1.982000000000000000e+03 7.627952426151332251e-06
1.983000000000000000e+03 7.624587270199156511e-06
1.984000000000000000e+03 7.621208390056149946e-06
1.985000000000000000e+03 7.617818758711500692e-06
1.986000000000000000e+03 7.614415455281968106e-06
1.987000000000000000e+03 7.611001963922540091e-06
1.988000000000000000e+03 7.607576074720664147e-06
1.989000000000000000e+03 7.604141622836854328e-06
1.990000000000000000e+03 7.600696268348830549e-06
1.991000000000000000e+03 7.597243523767943246e-06
1.992000000000000000e+03 7.593780826971506709e-06
1.993000000000000000e+03 7.590311805721876557e-06
1.994000000000000000e+03 7.586833894108560255e-06
1.995000000000000000e+03 7.583350476170183768e-06
1.996000000000000000e+03 7.579858654001753564e-06
1.997000000000000000e+03 7.576361590621522924e-06
1.998000000000000000e+03 7.572856239777791523e-06
1.999000000000000000e+03 7.569345755339849690e-06
2.000000000000000000e+03 7.565827074203385534e-06
