2.000000000000000000e+00 6.326940149021512300e-06
3.000000000000000000e+00 5.072735551563426459e-06
4.000000000000000000e+00 4.704517911709007110e-06
5.000000000000000000e+00 4.541338093306600566e-06
6.000000000000000000e+00 4.453340984981467884e-06
7.000000000000000000e+00 4.399888607877150762e-06
8.000000000000000000e+00 4.364748705238933461e-06
9.000000000000000000e+00 4.340323388773396461e-06
1.000000000000000000e+01 4.322610492057080138e-06
1.100000000000000000e+01 4.309307300338815070e-06
1.200000000000000000e+01 4.299006482411596447e-06
1.300000000000000000e+01 4.290813753125934193e-06
1.400000000000000000e+01 4.284144267840981691e-06
1.500000000000000000e+01 4.278604526931319189e-06
1.600000000000000000e+01 4.273921126604239893e-06
1.700000000000000000e+01 4.269897963332260428e-06
1.800000000000000000e+01 4.266390824162029032e-06
1.900000000000000000e+01 4.263291954356404090e-06
2.000000000000000000e+01 4.260520105604055294e-06
2.100000000000000000e+01 4.258013631048663458e-06
2.200000000000000000e+01 4.255725350582863301e-06
2.300000000000000000e+01 4.253618680758563133e-06
2.400000000000000000e+01 4.251664805671201198e-06
2.500000000000000000e+01 4.249840697043976347e-06
2.600000000000000000e+01 4.248127757156689905e-06
2.700000000000000000e+01 4.246510877328042610e-06
2.800000000000000000e+01 4.244977750700851984e-06
2.900000000000000000e+01 4.243518323578424170e-06
3.000000000000000000e+01 4.242124347784609925e-06
3.100000000000000000e+01 4.240789018722737523e-06
3.200000000000000000e+01 4.239506700391576532e-06
3.300000000000000000e+01 4.238272721645799284e-06
3.400000000000000000e+01 4.237083233103563445e-06
3.500000000000000000e+01 4.235935080625758882e-06
3.600000000000000000e+01 4.234825689229637411e-06
3.700000000000000000e+01 4.233752947543544125e-06
3.800000000000000000e+01 4.232715096287244819e-06
3.900000000000000000e+01 4.231710642203907861e-06
4.000000000000000000e+01 4.230738304693594656e-06
4.100000000000000000e+01 4.229796974493551665e-06
4.200000000000000000e+01 4.228885682171063192e-06
4.300000000000000000e+01 4.228003569745431065e-06
4.400000000000000000e+01 4.227149868463301394e-06
4.500000000000000000e+01 4.226323882412232839e-06
4.600000000000000000e+01 4.225524984503916446e-06
4.700000000000000000e+01 4.224752599334138702e-06
4.800000000000000000e+01 4.224006193545604882e-06
4.900000000000000000e+01 4.223285267878463690e-06
5.000000000000000000e+01 4.222589348260816617e-06
5.100000000000000000e+01 4.221917982896483982e-06
5.200000000000000000e+01 4.221270736319522291e-06
5.300000000000000000e+01 4.220647176618020555e-06
5.400000000000000000e+01 4.220046863937540636e-06
5.500000000000000000e+01 4.219469347517864811e-06
5.600000000000000000e+01 4.218914170091618375e-06
5.700000000000000000e+01 4.218380855291508754e-06
5.800000000000000000e+01 4.217868912479495802e-06
5.900000000000000000e+01 4.217377831937484422e-06
6.000000000000000000e+01 4.216907083493464228e-06
6.100000000000000000e+01 4.216456121423102866e-06
6.200000000000000000e+01 4.216024386078197345e-06
6.300000000000000000e+01 4.215611300016517822e-06
6.400000000000000000e+01 4.215216277904576517e-06
6.500000000000000000e+01 4.214838722782315750e-06
6.600000000000000000e+01 4.214478025071865093e-06
6.700000000000000000e+01 4.214133566796743776e-06
6.800000000000000000e+01 4.213804718228014243e-06
6.900000000000000000e+01 4.213490832591318114e-06
7.000000000000000000e+01 4.213191254655038946e-06
7.100000000000000000e+01 4.212905315665472118e-06
7.200000000000000000e+01 4.212632339267770631e-06
7.300000000000000000e+01 4.212371636734387437e-06
7.400000000000000000e+01 4.212122508535323757e-06
7.500000000000000000e+01 4.211884245916624102e-06
7.600000000000000000e+01 4.211656134235881060e-06
7.700000000000000000e+01 4.211437454327332229e-06
7.800000000000000000e+01 4.211227487378734570e-06
7.900000000000000000e+01 4.211025510700782121e-06
8.000000000000000000e+01 4.210830802390927852e-06
8.100000000000000000e+01 4.210642642420723242e-06
8.200000000000000000e+01 4.210460315258185703e-06
8.300000000000000000e+01 4.210283105970001980e-06
8.400000000000000000e+01 4.210110307533034392e-06
8.500000000000000000e+01 4.209941217031896757e-06
8.600000000000000000e+01 4.209775139549236958e-06
8.700000000000000000e+01 4.209611388969331501e-06
8.800000000000000000e+01 4.209449288699539049e-06
8.900000000000000000e+01 4.209288172415223552e-06
9.000000000000000000e+01 4.209127386109613785e-06
9.100000000000000000e+01 4.208966287393772971e-06
9.200000000000000000e+01 4.208804250071922632e-06
9.300000000000000000e+01 4.208640660801540856e-06
9.400000000000000000e+01 4.208474923461440900e-06
9.500000000000000000e+01 4.208306458402181762e-06
9.600000000000000000e+01 4.208134704135051032e-06
9.700000000000000000e+01 4.207959117784600711e-06
9.800000000000000000e+01 4.207779175507174663e-06
9.900000000000000000e+01 4.207594375180185706e-06
1.000000000000000000e+02 4.207404235619880686e-06
1.010000000000000000e+02 4.207208298031670944e-06
1.020000000000000000e+02 4.207006122060027204e-06
1.030000000000000000e+02 4.206797297710172691e-06
1.040000000000000000e+02 4.206581436212246644e-06
1.050000000000000000e+02 4.206358177399710916e-06
1.060000000000000000e+02 4.206127180986090530e-06
1.070000000000000000e+02 4.205888133698213369e-06
1.080000000000000000e+02 4.205640756110505666e-06
1.090000000000000000e+02 4.205384785864955080e-06
1.100000000000000000e+02 4.205119993669193065e-06
1.110000000000000000e+02 4.204846179693806247e-06
1.120000000000000000e+02 4.204563168420758278e-06
1.130000000000000000e+02 4.204270819232202065e-06
1.140000000000000000e+02 4.203969014509875235e-06
1.150000000000000000e+02 4.203657669883612652e-06
1.160000000000000000e+02 4.203336728513107453e-06
1.170000000000000000e+02 4.203006166031840772e-06
1.180000000000000000e+02 4.202665989780447463e-06
1.190000000000000000e+02 4.202316232618651684e-06
1.200000000000000000e+02 4.201956957693835386e-06
1.210000000000000000e+02 4.201588262206577486e-06
1.220000000000000000e+02 4.201210271502191641e-06
1.230000000000000000e+02 4.200823141311195310e-06
1.240000000000000000e+02 4.200427057102019875e-06
1.250000000000000000e+02 4.200022233390190060e-06
1.260000000000000000e+02 4.199608920007316409e-06
1.270000000000000000e+02 4.199187387779652801e-06
1.280000000000000000e+02 4.198757948057739549e-06
1.290000000000000000e+02 4.198320932189114732e-06
1.300000000000000000e+02 4.197876710425289820e-06
1.310000000000000000e+02 4.197425678394780892e-06
1.320000000000000000e+02 4.196968262845284746e-06
1.330000000000000000e+02 4.196504914845720266e-06
1.340000000000000000e+02 4.196036109351036445e-06
1.350000000000000000e+02 4.195562356489698056e-06
1.360000000000000000e+02 4.195084195043080333e-06
1.370000000000000000e+02 4.194602186107676233e-06
1.380000000000000000e+02 4.194116918340757929e-06
1.390000000000000000e+02 4.193629007355707088e-06
1.400000000000000000e+02 4.193139089788635481e-06
1.410000000000000000e+02 4.192647833566308943e-06
1.420000000000000000e+02 4.192155932036912941e-06
1.430000000000000000e+02 4.191664093056229553e-06
1.440000000000000000e+02 4.191173054128253152e-06
1.450000000000000000e+02 4.190683571694740842e-06
1.460000000000000000e+02 4.190196425798273683e-06
1.470000000000000000e+02 4.189712419572035377e-06
1.480000000000000000e+02 4.189232374069487586e-06
1.490000000000000000e+02 4.188757127905512568e-06
1.500000000000000000e+02 4.188287541645111944e-06
1.510000000000000000e+02 4.187824492768770773e-06
1.520000000000000000e+02 4.187368879934837445e-06
1.530000000000000000e+02 4.186921618109744930e-06
1.540000000000000000e+02 4.186483634013993187e-06
1.550000000000000000e+02 4.186055874474347191e-06
1.560000000000000000e+02 4.185639301895490375e-06
1.570000000000000000e+02 4.185234889816255161e-06
1.580000000000000000e+02 4.184843626917019688e-06
1.590000000000000000e+02 4.184466512715060967e-06
1.600000000000000000e+02 4.184104557502509713e-06
1.610000000000000000e+02 4.183758789937106409e-06
1.620000000000000000e+02 4.183430243399934396e-06
1.630000000000000000e+02 4.183119963144446557e-06
1.640000000000000000e+02 4.182829002140834435e-06
1.650000000000000000e+02 4.182558423906998687e-06
1.660000000000000000e+02 4.182309297459166308e-06
1.670000000000000000e+02 4.182082699413353112e-06
1.680000000000000000e+02 4.181879714729515210e-06
1.690000000000000000e+02 4.181701430838772281e-06
1.700000000000000000e+02 4.181548943218213358e-06
1.710000000000000000e+02 4.181423348080342655e-06
1.720000000000000000e+02 4.181325747513832637e-06
1.730000000000000000e+02 4.181257246940095838e-06
1.740000000000000000e+02 4.181218955339545151e-06
1.750000000000000000e+02 4.181211980739478113e-06
1.760000000000000000e+02 4.181237433312101608e-06
1.770000000000000000e+02 4.181296424937006314e-06
1.780000000000000000e+02 4.181390067477928144e-06
1.790000000000000000e+02 4.181519471317394804e-06
1.800000000000000000e+02 4.181685747773106654e-06
1.810000000000000000e+02 4.181890006855630433e-06
1.820000000000000000e+02 4.182133356384975236e-06
1.830000000000000000e+02 4.182416901837373570e-06
1.840000000000000000e+02 4.182741748195452879e-06
1.850000000000000000e+02 4.183108996954024900e-06
1.860000000000000000e+02 4.183519746735015488e-06
1.870000000000000000e+02 4.183975093505411274e-06
1.880000000000000000e+02 4.184476129976622675e-06
1.890000000000000000e+02 4.185023945399030968e-06
1.900000000000000000e+02 4.185619625300133986e-06
1.910000000000000000e+02 4.186264251581057899e-06
1.920000000000000000e+02 4.186958902322230067e-06
1.930000000000000000e+02 4.187704651924361743e-06
1.940000000000000000e+02 4.188502570751672718e-06
1.950000000000000000e+02 4.189353724883165174e-06
1.960000000000000000e+02 4.190259176679647872e-06
1.970000000000000000e+02 4.191219984353207935e-06
1.980000000000000000e+02 4.192237202132005345e-06
1.990000000000000000e+02 4.193311879869732311e-06
2.000000000000000000e+02 4.194445063431019187e-06
2.010000000000000000e+02 4.195637794713481891e-06
2.020000000000000000e+02 4.196891111431122878e-06
2.030000000000000000e+02 4.198206046938255015e-06
2.040000000000000000e+02 4.199583630586010964e-06
2.050000000000000000e+02 4.201024887521515069e-06
2.060000000000000000e+02 4.202530838634232279e-06
2.070000000000000000e+02 4.204102500324832346e-06
2.080000000000000000e+02 4.205740884779707271e-06
2.090000000000000000e+02 4.207446999329974885e-06
2.100000000000000000e+02 4.209221846850671927e-06
2.110000000000000000e+02 4.211066425071944308e-06
2.120000000000000000e+02 4.212981726912202111e-06
2.130000000000000000e+02 4.214968739558895719e-06
2.140000000000000000e+02 4.217028444908029355e-06
2.150000000000000000e+02 4.219161819282670853e-06
2.160000000000000000e+02 4.221369831557194661e-06
2.170000000000000000e+02 4.223653445044544088e-06
2.180000000000000000e+02 4.226013616605134012e-06
2.190000000000000000e+02 4.228451295389114523e-06
2.200000000000000000e+02 4.230967422910689597e-06
2.210000000000000000e+02 4.233562932246941664e-06
2.220000000000000000e+02 4.236238748060981864e-06
2.230000000000000000e+02 4.238995786437463030e-06
2.240000000000000000e+02 4.241834952663979317e-06
2.250000000000000000e+02 4.244757143895815765e-06
2.260000000000000000e+02 4.247763245399353786e-06
2.270000000000000000e+02 4.250854133183985497e-06
2.280000000000000000e+02 4.254030668692251359e-06
2.290000000000000000e+02 4.257293703756611770e-06
2.300000000000000000e+02 4.260644077320469020e-06
2.310000000000000000e+02 4.264082617029175535e-06
2.320000000000000000e+02 4.267610135930283200e-06
2.330000000000000000e+02 4.271227432338797357e-06
2.340000000000000000e+02 4.274935291591909741e-06
2.350000000000000000e+02 4.278734482545511815e-06
2.360000000000000000e+02 4.282625759313288089e-06
2.370000000000000000e+02 4.286609861150021234e-06
2.380000000000000000e+02 4.290687510824358791e-06
2.390000000000000000e+02 4.294859414483397154e-06
2.400000000000000000e+02 4.299126261711975581e-06
2.410000000000000000e+02 4.303488725405186718e-06
2.420000000000000000e+02 4.307947461838485518e-06
2.430000000000000000e+02 4.312503107131760367e-06
2.440000000000000000e+02 4.317156278973609254e-06
2.450000000000000000e+02 4.321907578179752497e-06
2.460000000000000000e+02 4.326757585353746794e-06
2.470000000000000000e+02 4.331706862416138049e-06
2.480000000000000000e+02 4.336755950941877142e-06
2.490000000000000000e+02 4.341905373678760321e-06
2.500000000000000000e+02 4.347155632879670458e-06
2.510000000000000000e+02 4.352507210103893613e-06
2.520000000000000000e+02 4.357960567914580682e-06
2.530000000000000000e+02 4.363516146290104273e-06
2.540000000000000000e+02 4.369174364277399262e-06
2.550000000000000000e+02 4.374935619749995121e-06
2.560000000000000000e+02 4.380800291059588711e-06
2.570000000000000000e+02 4.386768731721045527e-06
2.580000000000000000e+02 4.392841277051349910e-06
2.590000000000000000e+02 4.399018237173355163e-06
2.600000000000000000e+02 4.405299901923469570e-06
2.610000000000000000e+02 4.411686537179966779e-06
2.620000000000000000e+02 4.418178386386856519e-06
2.630000000000000000e+02 4.424775670183626171e-06
2.640000000000000000e+02 4.431478586235595312e-06
2.650000000000000000e+02 4.438287308824505731e-06
2.660000000000000000e+02 4.445201988639802345e-06
2.670000000000000000e+02 4.452222752326095684e-06
2.680000000000000000e+02 4.459349703891728553e-06
2.690000000000000000e+02 4.466582922576038549e-06
2.700000000000000000e+02 4.473922464211320129e-06
2.710000000000000000e+02 4.481368359048435126e-06
2.720000000000000000e+02 4.488920614716450902e-06
2.730000000000000000e+02 4.496579210740928559e-06
2.740000000000000000e+02 4.504344104702411512e-06
2.750000000000000000e+02 4.512215228383380183e-06
2.760000000000000000e+02 4.520192488995771302e-06
2.770000000000000000e+02 4.528275768534848467e-06
2.780000000000000000e+02 4.536464921721558372e-06
2.790000000000000000e+02 4.544759778533342430e-06
2.800000000000000000e+02 4.553160142125827090e-06
2.810000000000000000e+02 4.561665791319426271e-06
2.820000000000000000e+02 4.570276478506465254e-06
2.830000000000000000e+02 4.578991928876136214e-06
2.840000000000000000e+02 4.587811841477239121e-06
2.850000000000000000e+02 4.596735890017932461e-06
2.860000000000000000e+02 4.605763719119963808e-06
2.870000000000000000e+02 4.614894948237525352e-06
2.880000000000000000e+02 4.624129167904840343e-06
2.890000000000000000e+02 4.633465942015302598e-06
2.900000000000000000e+02 4.642904807217996864e-06
2.910000000000000000e+02 4.652445275184496203e-06
2.920000000000000000e+02 4.662086820928461458e-06
2.930000000000000000e+02 4.671828902285440700e-06
2.940000000000000000e+02 4.681670948362936324e-06
2.950000000000000000e+02 4.691612350704887494e-06
2.960000000000000000e+02 4.701652481340897850e-06
2.970000000000000000e+02 4.711790682511214255e-06
2.980000000000000000e+02 4.722026275355305313e-06
2.990000000000000000e+02 4.732358540269951680e-06
3.000000000000000000e+02 4.742786734747621016e-06
3.010000000000000000e+02 4.753310094025673001e-06
3.020000000000000000e+02 4.763927819550234766e-06
3.030000000000000000e+02 4.774639088801907596e-06
3.040000000000000000e+02 4.785443042199423768e-06
3.050000000000000000e+02 4.796338795940380580e-06
3.060000000000000000e+02 4.807325438208858700e-06
3.070000000000000000e+02 4.818402028210364495e-06
3.080000000000000000e+02 4.829567600038333842e-06
3.090000000000000000e+02 4.840821154060970030e-06
3.100000000000000000e+02 4.852161656075308566e-06
3.110000000000000000e+02 4.863588066984213343e-06
3.120000000000000000e+02 4.875099296383070769e-06
3.130000000000000000e+02 4.886694231914766871e-06
3.140000000000000000e+02 4.898371738617670983e-06
3.150000000000000000e+02 4.910130642800871969e-06
3.160000000000000000e+02 4.921969761685220379e-06
3.170000000000000000e+02 4.933887872301753311e-06
3.180000000000000000e+02 4.945883725825438359e-06
3.190000000000000000e+02 4.957956046718053352e-06
3.200000000000000000e+02 4.970103532058411991e-06
3.210000000000000000e+02 4.982324850680224068e-06
3.220000000000000000e+02 4.994618657663743301e-06
3.230000000000000000e+02 5.006983578578995322e-06
3.240000000000000000e+02 5.019418208836465094e-06
3.250000000000000000e+02 5.031921097689291515e-06
3.260000000000000000e+02 5.044490807746883952e-06
3.270000000000000000e+02 5.057125854486903565e-06
3.280000000000000000e+02 5.069824735524027714e-06
3.290000000000000000e+02 5.082585930019491755e-06
3.300000000000000000e+02 5.095407868159149563e-06
3.310000000000000000e+02 5.108288990244459585e-06
3.320000000000000000e+02 5.121227701700991541e-06
3.330000000000000000e+02 5.134222387307535543e-06
3.340000000000000000e+02 5.147271410810829157e-06
3.350000000000000000e+02 5.160373114388569858e-06
3.360000000000000000e+02 5.173525818281773082e-06
3.370000000000000000e+02 5.186727835260941309e-06
3.380000000000000000e+02 5.199977440602061369e-06
3.390000000000000000e+02 5.213272916210107507e-06
3.400000000000000000e+02 5.226612505968727027e-06
3.410000000000000000e+02 5.239994459832662326e-06
3.420000000000000000e+02 5.253416989278806900e-06
3.430000000000000000e+02 5.266878296422964595e-06
3.440000000000000000e+02 5.280376588934441317e-06
3.450000000000000000e+02 5.293910035426234943e-06
3.460000000000000000e+02 5.307476809667728409e-06
3.470000000000000000e+02 5.321075060911800818e-06
3.480000000000000000e+02 5.334702943465815731e-06
3.490000000000000000e+02 5.348358601961709744e-06
3.500000000000000000e+02 5.362040171484838908e-06
3.510000000000000000e+02 5.375745777476082894e-06
3.520000000000000000e+02 5.389473550735110889e-06
3.530000000000000000e+02 5.403221597943264031e-06
3.540000000000000000e+02 5.416988046082235062e-06
3.550000000000000000e+02 5.430770998471173715e-06
3.560000000000000000e+02 5.444568549552686119e-06
3.570000000000000000e+02 5.458378814478243832e-06
3.580000000000000000e+02 5.472199900304875904e-06
3.590000000000000000e+02 5.486029906040520713e-06
3.600000000000000000e+02 5.499866952483085795e-06
3.610000000000000000e+02 5.513709153271691637e-06
3.620000000000000000e+02 5.527554629973056075e-06
3.630000000000000000e+02 5.541401512459564907e-06
3.640000000000000000e+02 5.555247924759300210e-06
3.650000000000000000e+02 5.569092014683544373e-06
3.660000000000000000e+02 5.582931939971636018e-06
3.670000000000000000e+02 5.596765868735697873e-06
3.680000000000000000e+02 5.610591980116335990e-06
3.690000000000000000e+02 5.624408479458755418e-06
3.700000000000000000e+02 5.638213569844989120e-06
3.710000000000000000e+02 5.652005481738062295e-06
3.720000000000000000e+02 5.665782459222612152e-06
3.730000000000000000e+02 5.679542775223769431e-06
3.740000000000000000e+02 5.693284717806987474e-06
3.750000000000000000e+02 5.707006576082651657e-06
3.760000000000000000e+02 5.720706699270187392e-06
3.770000000000000000e+02 5.734383439455450736e-06
3.780000000000000000e+02 5.748035166738266869e-06
3.790000000000000000e+02 5.761660299059240125e-06
3.800000000000000000e+02 5.775257274192833210e-06
3.810000000000000000e+02 5.788824579586648949e-06
3.820000000000000000e+02 5.802360709825215294e-06
3.830000000000000000e+02 5.815864196203559607e-06
3.840000000000000000e+02 5.829333607710705399e-06
3.850000000000000000e+02 5.842767551900337489e-06
3.860000000000000000e+02 5.856164675901864581e-06
3.870000000000000000e+02 5.869523652764973366e-06
3.880000000000000000e+02 5.882843196759305978e-06
3.890000000000000000e+02 5.896122078748391738e-06
3.900000000000000000e+02 5.909359098422385877e-06
3.910000000000000000e+02 5.922553084961222638e-06
3.920000000000000000e+02 5.935702912281816499e-06
3.930000000000000000e+02 5.948807514345762718e-06
3.940000000000000000e+02 5.961865857465403697e-06
3.950000000000000000e+02 5.974876955378814848e-06
3.960000000000000000e+02 5.987839870230046181e-06
3.970000000000000000e+02 6.000753713378419082e-06
3.980000000000000000e+02 6.013617646393544388e-06
3.990000000000000000e+02 6.026430867447167189e-06
4.000000000000000000e+02 6.039192640830587918e-06
4.010000000000000000e+02 6.051902283540154126e-06
4.020000000000000000e+02 6.064559151923454034e-06
4.030000000000000000e+02 6.077162656530917793e-06
4.040000000000000000e+02 6.089712263058064556e-06
4.050000000000000000e+02 6.102207493026277256e-06
4.060000000000000000e+02 6.114647938994990031e-06
4.070000000000000000e+02 6.127033222644749172e-06
4.080000000000000000e+02 6.139363023806963470e-06
4.090000000000000000e+02 6.151637081090593395e-06
4.100000000000000000e+02 6.163855192737546801e-06
4.110000000000000000e+02 6.176017217256110490e-06
4.120000000000000000e+02 6.188123060076677124e-06
4.130000000000000000e+02 6.200172688132917656e-06
4.140000000000000000e+02 6.212166130646180429e-06
4.150000000000000000e+02 6.224103465585610222e-06
4.160000000000000000e+02 6.235984834363848010e-06
4.170000000000000000e+02 6.247810428304736042e-06
4.180000000000000000e+02 6.259580489209916806e-06
4.190000000000000000e+02 6.271295337756971236e-06
4.200000000000000000e+02 6.282955346339855280e-06
4.210000000000000000e+02 6.294560925422513030e-06
4.220000000000000000e+02 6.306112551830230317e-06
4.230000000000000000e+02 6.317610769167330379e-06
4.240000000000000000e+02 6.329056174558404506e-06
4.250000000000000000e+02 6.340449418898483218e-06
4.260000000000000000e+02 6.351791207346511735e-06
4.270000000000000000e+02 6.363082313381900698e-06
4.280000000000000000e+02 6.374323551772393770e-06
4.290000000000000000e+02 6.385515792425706691e-06
4.300000000000000000e+02 6.396659974620121249e-06
4.310000000000000000e+02 6.407757066043727001e-06
4.320000000000000000e+02 6.418808104155952345e-06
4.330000000000000000e+02 6.429814182734237624e-06
4.340000000000000000e+02 6.440776438638151760e-06
4.350000000000000000e+02 6.451696051813194580e-06
4.360000000000000000e+02 6.462574259186135996e-06
4.370000000000000000e+02 6.473412341180077845e-06
4.380000000000000000e+02 6.484211621975978695e-06
4.390000000000000000e+02 6.494973496555701961e-06
4.400000000000000000e+02 6.505699390661936700e-06
4.410000000000000000e+02 6.516390774155972411e-06
4.420000000000000000e+02 6.527049161260428186e-06
4.430000000000000000e+02 6.537676110505576230e-06
4.440000000000000000e+02 6.548273238376184443e-06
4.450000000000000000e+02 6.558842179278621750e-06
4.460000000000000000e+02 6.569384638919161736e-06
4.470000000000000000e+02 6.579902327955181229e-06
4.480000000000000000e+02 6.590397015024206836e-06
4.490000000000000000e+02 6.600870513518034188e-06
4.500000000000000000e+02 6.611324668659383634e-06
4.510000000000000000e+02 6.621761344212414080e-06
4.520000000000000000e+02 6.632182448798249428e-06
4.530000000000000000e+02 6.642589935844724102e-06
4.540000000000000000e+02 6.652985777703772623e-06
4.550000000000000000e+02 6.663371991527899050e-06
4.560000000000000000e+02 6.673750613512825776e-06
4.570000000000000000e+02 6.684123711709290377e-06
4.580000000000000000e+02 6.694493373252080837e-06
4.590000000000000000e+02 6.704861729975307979e-06
4.600000000000000000e+02 6.715230920134158188e-06
4.610000000000000000e+02 6.725603113825015380e-06
4.620000000000000000e+02 6.735980500408096620e-06
4.630000000000000000e+02 6.746365288389983054e-06
4.640000000000000000e+02 6.756759718256873790e-06
4.650000000000000000e+02 6.767166037149689910e-06
4.660000000000000000e+02 6.777586511591533935e-06
4.670000000000000000e+02 6.788023439939771262e-06
4.680000000000000000e+02 6.798479127616909756e-06
4.690000000000000000e+02 6.808955886998520354e-06
4.700000000000000000e+02 6.819456062446309874e-06
4.710000000000000000e+02 6.829981993146036151e-06
4.720000000000000000e+02 6.840536037966424939e-06
4.730000000000000000e+02 6.851120563129581308e-06
4.740000000000000000e+02 6.861737942451859551e-06
4.750000000000000000e+02 6.872390557311736918e-06
4.760000000000000000e+02 6.883080796903034119e-06
4.770000000000000000e+02 6.893811058238537237e-06
4.780000000000000000e+02 6.904583734381205064e-06
4.790000000000000000e+02 6.915401226463883415e-06
4.800000000000000000e+02 6.926265932038750648e-06
4.810000000000000000e+02 6.937180257023036865e-06
4.820000000000000000e+02 6.948146616029158398e-06
4.830000000000000000e+02 6.959167420652634846e-06
4.840000000000000000e+02 6.970245068095356632e-06
4.850000000000000000e+02 6.981381964660725497e-06
4.860000000000000000e+02 6.992580502868291329e-06
4.870000000000000000e+02 7.003843081283663360e-06
4.880000000000000000e+02 7.015172088821265094e-06
4.890000000000000000e+02 7.026569916364022911e-06
4.900000000000000000e+02 7.038038943565924437e-06
4.910000000000000000e+02 7.049581544694607874e-06
4.920000000000000000e+02 7.061200082414585702e-06
4.930000000000000000e+02 7.072896916962235259e-06
4.940000000000000000e+02 7.084674404537854081e-06
4.950000000000000000e+02 7.096534882970898658e-06
4.960000000000000000e+02 7.108480686867178174e-06
4.970000000000000000e+02 7.120514134539159844e-06
4.980000000000000000e+02 7.132637535343287638e-06
4.990000000000000000e+02 7.144853196471741478e-06
5.000000000000000000e+02 7.157163401941640984e-06
5.010000000000000000e+02 7.169570435622248554e-06
5.020000000000000000e+02 7.182076559389386564e-06
5.030000000000000000e+02 7.194684028435176724e-06
5.040000000000000000e+02 7.207395083560385850e-06
5.050000000000000000e+02 7.220211959961529565e-06
5.060000000000000000e+02 7.233136874370009375e-06
5.070000000000000000e+02 7.246172030600771399e-06
5.080000000000000000e+02 7.259319621519098237e-06
5.090000000000000000e+02 7.272581820968624694e-06
5.100000000000000000e+02 7.285960793021693963e-06
5.110000000000000000e+02 7.299458688081066363e-06
5.120000000000000000e+02 7.313077644882354353e-06
5.130000000000000000e+02 7.326819787630415051e-06
5.140000000000000000e+02 7.340687227990507850e-06
5.150000000000000000e+02 7.354682063231676975e-06
5.160000000000000000e+02 7.368806378195300092e-06
5.170000000000000000e+02 7.383062243409047485e-06
5.180000000000000000e+02 7.397451717023903254e-06
5.190000000000000000e+02 7.411976843885823136e-06
5.200000000000000000e+02 7.426639654437189522e-06
5.210000000000000000e+02 7.441442167701933438e-06
5.220000000000000000e+02 7.456386388174958520e-06
5.230000000000000000e+02 7.471474306723590736e-06
5.240000000000000000e+02 7.486707901384379745e-06
5.250000000000000000e+02 7.502089136202568890e-06
5.260000000000000000e+02 7.517619961961727684e-06
5.270000000000000000e+02 7.533302315906293462e-06
5.280000000000000000e+02 7.549138121414081340e-06
5.290000000000000000e+02 7.565129288592140554e-06
5.300000000000000000e+02 7.581277712890516430e-06
5.310000000000000000e+02 7.597585275571930152e-06
5.320000000000000000e+02 7.614053844202868141e-06
5.330000000000000000e+02 7.630685270064903675e-06
5.340000000000000000e+02 7.647481390499106209e-06
5.350000000000000000e+02 7.664444026197745857e-06
5.360000000000000000e+02 7.681574983456161817e-06
5.370000000000000000e+02 7.698876051345862761e-06
5.380000000000000000e+02 7.716349002880830210e-06
5.390000000000000000e+02 7.733995593046130669e-06
5.400000000000000000e+02 7.751817559861211331e-06
5.410000000000000000e+02 7.769816622291575922e-06
5.420000000000000000e+02 7.787994481220412803e-06
5.430000000000000000e+02 7.806352817232212990e-06
5.440000000000000000e+02 7.824893291500099844e-06
5.450000000000000000e+02 7.843617543443017251e-06
5.460000000000000000e+02 7.862527191524901828e-06
5.470000000000000000e+02 7.881623832832223536e-06
5.480000000000000000e+02 7.900909040773024077e-06
5.490000000000000000e+02 7.920384361435196983e-06
5.500000000000000000e+02 7.940051321388733415e-06
5.510000000000000000e+02 7.959911420980390808e-06
5.520000000000000000e+02 7.979966133872701972e-06
5.530000000000000000e+02 8.000216907366347358e-06
5.540000000000000000e+02 8.020665167178586401e-06
5.550000000000000000e+02 8.041312302038706373e-06
5.560000000000000000e+02 8.062159671369660850e-06
5.570000000000000000e+02 8.083208608704643165e-06
5.580000000000000000e+02 8.104460414756684865e-06
5.590000000000000000e+02 8.125916355366321977e-06
5.600000000000000000e+02 8.147577668322558215e-06
5.610000000000000000e+02 8.169445554901769857e-06
5.620000000000000000e+02 8.191521185622940564e-06
5.630000000000000000e+02 8.213805689422537960e-06
5.640000000000000000e+02 8.236300159295212656e-06
5.650000000000000000e+02 8.259005665771700108e-06
5.660000000000000000e+02 8.281923222872880180e-06
5.670000000000000000e+02 8.305053807852207627e-06
5.680000000000000000e+02 8.328398371681763139e-06
5.690000000000000000e+02 8.351957814429046225e-06
5.700000000000000000e+02 8.375732995423023987e-06
5.710000000000000000e+02 8.399724730960264255e-06
5.720000000000000000e+02 8.423933793279276942e-06
5.730000000000000000e+02 8.448360908159167172e-06
5.740000000000000000e+02 8.473006765526701920e-06
5.750000000000000000e+02 8.497872005554003990e-06
5.760000000000000000e+02 8.522957217445582202e-06
5.770000000000000000e+02 8.548262948751331587e-06
5.780000000000000000e+02 8.573789692459635078e-06
5.790000000000000000e+02 8.599537896329745513e-06
5.800000000000000000e+02 8.625507949756295152e-06
5.810000000000000000e+02 8.651700205306050266e-06
5.820000000000000000e+02 8.678114953503991702e-06
5.830000000000000000e+02 8.704752444528447697e-06
5.840000000000000000e+02 8.731612862653402737e-06
5.850000000000000000e+02 8.758696335609841315e-06
5.860000000000000000e+02 8.786002945823837183e-06
5.870000000000000000e+02 8.813532728025233652e-06
5.880000000000000000e+02 8.841285643011909353e-06
5.890000000000000000e+02 8.869261599729331871e-06
5.900000000000000000e+02 8.897460454247336855e-06
5.910000000000000000e+02 8.925881994268318933e-06
5.920000000000000000e+02 8.954525950506140190e-06
5.930000000000000000e+02 8.983392006919728120e-06
5.940000000000000000e+02 9.012479773838819166e-06
5.950000000000000000e+02 9.041788810901954822e-06
5.960000000000000000e+02 9.071318613047857726e-06
5.970000000000000000e+02 9.101068594230933570e-06
5.980000000000000000e+02 9.131038125643815799e-06
5.990000000000000000e+02 9.161226506640626969e-06
6.000000000000000000e+02 9.191632976838038716e-06
6.010000000000000000e+02 9.222256699736231230e-06
6.020000000000000000e+02 9.253096788466646724e-06
6.030000000000000000e+02 9.284152289632238966e-06
6.040000000000000000e+02 9.315422168511184960e-06
6.050000000000000000e+02 9.346905333156796812e-06
6.060000000000000000e+02 9.378600633711572419e-06
6.070000000000000000e+02 9.410506845796799759e-06
6.080000000000000000e+02 9.442622669321877588e-06
6.090000000000000000e+02 9.474946739323611419e-06
6.100000000000000000e+02 9.507477625172811310e-06
6.110000000000000000e+02 9.540213827722237062e-06
6.120000000000000000e+02 9.573153778477395316e-06
6.130000000000000000e+02 9.606295850999874768e-06
6.140000000000000000e+02 9.639638346130846236e-06
6.150000000000000000e+02 9.673179488959655410e-06
6.160000000000000000e+02 9.706917427946754116e-06
6.170000000000000000e+02 9.740850261098346537e-06
6.180000000000000000e+02 9.774976006615261018e-06
6.190000000000000000e+02 9.809292599745150326e-06
6.200000000000000000e+02 9.843797936387952755e-06
6.210000000000000000e+02 9.878489826619568702e-06
6.220000000000000000e+02 9.913366008746176913e-06
6.230000000000000000e+02 9.948424146549620661e-06
6.240000000000000000e+02 9.983661859082686130e-06
6.250000000000000000e+02 1.001907667330630819e-05
6.260000000000000000e+02 1.005466605365736284e-05
6.270000000000000000e+02 1.009042739977421772e-05
6.280000000000000000e+02 1.012635806192981639e-05
6.290000000000000000e+02 1.016245530832673511e-05
6.300000000000000000e+02 1.019871634018268876e-05
6.310000000000000000e+02 1.023513828947515662e-05
6.320000000000000000e+02 1.027171823468802975e-05
6.330000000000000000e+02 1.030845319909445499e-05
6.340000000000000000e+02 1.034534011968083431e-05
6.350000000000000000e+02 1.038237589214590070e-05
6.360000000000000000e+02 1.041955735611127222e-05
6.370000000000000000e+02 1.045688127733933871e-05
6.380000000000000000e+02 1.049434436414608697e-05
6.390000000000000000e+02 1.053194328184232651e-05
6.400000000000000000e+02 1.056967462162133927e-05
6.410000000000000000e+02 1.060753493096666614e-05
6.420000000000000000e+02 1.064552071521816249e-05
6.430000000000000000e+02 1.068362841984585340e-05
6.440000000000000000e+02 1.072185443162255415e-05
6.450000000000000000e+02 1.076019509349889711e-05
6.460000000000000000e+02 1.079864672313206219e-05
6.470000000000000000e+02 1.083720557867043324e-05
6.480000000000000000e+02 1.087586787702238091e-05
6.490000000000000000e+02 1.091462979270562941e-05
6.500000000000000000e+02 1.095348747691103065e-05
6.510000000000000000e+02 1.099243703988744678e-05
6.520000000000000000e+02 1.103147455312269577e-05
6.530000000000000000e+02 1.107059604833289877e-05
6.540000000000000000e+02 1.110979753704608853e-05
6.550000000000000000e+02 1.114907501018866589e-05
6.560000000000000000e+02 1.118842442362287465e-05
6.570000000000000000e+02 1.122784171478194250e-05
6.580000000000000000e+02 1.126732278818078962e-05
6.590000000000000000e+02 1.130686353227587902e-05
6.600000000000000000e+02 1.134645982264292666e-05
6.610000000000000000e+02 1.138610753964719803e-05
6.620000000000000000e+02 1.142580253651802315e-05
6.630000000000000000e+02 1.146554065677721102e-05
6.640000000000000000e+02 1.150531773753714515e-05
6.650000000000000000e+02 1.154512962774388785e-05
6.660000000000000000e+02 1.158497217396195309e-05
6.670000000000000000e+02 1.162484122064663267e-05
6.680000000000000000e+02 1.166473263193793715e-05
6.690000000000000000e+02 1.170464225583641475e-05
6.700000000000000000e+02 1.174456598255696039e-05
6.710000000000000000e+02 1.178449970904921611e-05
6.720000000000000000e+02 1.182443934273970330e-05
6.730000000000000000e+02 1.186438082064991880e-05
6.740000000000000000e+02 1.190432011377128883e-05
6.750000000000000000e+02 1.194425320943195390e-05
6.760000000000000000e+02 1.198417613403779080e-05
6.770000000000000000e+02 1.202408495427363235e-05
6.780000000000000000e+02 1.206397578163852578e-05
6.790000000000000000e+02 1.210384475470362475e-05
6.800000000000000000e+02 1.214368806228666346e-05
6.810000000000000000e+02 1.218350192560404419e-05
6.820000000000000000e+02 1.222328266008874166e-05
6.830000000000000000e+02 1.226302660067551733e-05
6.840000000000000000e+02 1.230273016356498475e-05
6.850000000000000000e+02 1.234238982872395115e-05
6.860000000000000000e+02 1.238200212525607942e-05
6.870000000000000000e+02 1.242156365183592429e-05
6.880000000000000000e+02 1.246107110114383731e-05
6.890000000000000000e+02 1.250052122255283396e-05
6.900000000000000000e+02 1.253991084624215969e-05
6.910000000000000000e+02 1.257923688464605845e-05
6.920000000000000000e+02 1.261849631757095321e-05
6.930000000000000000e+02 1.265768623290399505e-05
6.940000000000000000e+02 1.269680379219280706e-05
6.950000000000000000e+02 1.273584625163504882e-05
6.960000000000000000e+02 1.277481094693799557e-05
6.970000000000000000e+02 1.281369533449128847e-05
6.980000000000000000e+02 1.285249695649089006e-05
6.990000000000000000e+02 1.289121346210600728e-05
7.000000000000000000e+02 1.292984261236827749e-05
7.010000000000000000e+02 1.296838226131924262e-05
7.020000000000000000e+02 1.300683038073127172e-05
7.030000000000000000e+02 1.304518506150573115e-05
7.040000000000000000e+02 1.308344449808441553e-05
7.050000000000000000e+02 1.312160698932302503e-05
7.060000000000000000e+02 1.315967096333188720e-05
7.070000000000000000e+02 1.319763495818323656e-05
7.080000000000000000e+02 1.323549764682649059e-05
7.090000000000000000e+02 1.327325781764913324e-05
7.100000000000000000e+02 1.331091435802687265e-05
7.110000000000000000e+02 1.334846631676154654e-05
7.120000000000000000e+02 1.338591284681773941e-05
7.130000000000000000e+02 1.342325324715442448e-05
7.140000000000000000e+02 1.346048692557672274e-05
7.150000000000000000e+02 1.349761341977033478e-05
7.160000000000000000e+02 1.353463240127887891e-05
7.170000000000000000e+02 1.357154367604360699e-05
7.180000000000000000e+02 1.360834718827605595e-05
7.190000000000000000e+02 1.364504302096629476e-05
7.200000000000000000e+02 1.368163137861398593e-05
7.210000000000000000e+02 1.371811260833991770e-05
7.220000000000000000e+02 1.375448718242795881e-05
7.230000000000000000e+02 1.379075569835992227e-05
7.240000000000000000e+02 1.382691890300918457e-05
7.250000000000000000e+02 1.386297767189813792e-05
7.260000000000000000e+02 1.389893301215566679e-05
7.270000000000000000e+02 1.393478604134954556e-05
7.280000000000000000e+02 1.397053803226925675e-05
7.290000000000000000e+02 1.400619037086460660e-05
7.300000000000000000e+02 1.404174460101341877e-05
7.310000000000000000e+02 1.407720236106005217e-05
7.320000000000000000e+02 1.411256544949039705e-05
7.330000000000000000e+02 1.414783576130805901e-05
7.340000000000000000e+02 1.418301533243908040e-05
7.350000000000000000e+02 1.421810631815155677e-05
7.360000000000000000e+02 1.425311099526078041e-05
7.370000000000000000e+02 1.428803178267441242e-05
7.380000000000000000e+02 1.432287120126426469e-05
7.390000000000000000e+02 1.435763189405735286e-05
7.400000000000000000e+02 1.439231662832862677e-05
7.410000000000000000e+02 1.442692827343870405e-05
7.420000000000000000e+02 1.446146982387675942e-05
7.430000000000000000e+02 1.449594435577694992e-05
7.440000000000000000e+02 1.453035507083921960e-05
7.450000000000000000e+02 1.456470529547884118e-05
7.460000000000000000e+02 1.459899844004763942e-05
7.470000000000000000e+02 1.463323801876306698e-05
7.480000000000000000e+02 1.466742765111650514e-05
7.490000000000000000e+02 1.470157103954541602e-05
7.500000000000000000e+02 1.473567201299268780e-05
7.510000000000000000e+02 1.476973446243104415e-05
7.520000000000000000e+02 1.480376238411585162e-05
7.530000000000000000e+02 1.483775985728177823e-05
7.540000000000000000e+02 1.487173104524118683e-05
7.550000000000000000e+02 1.490568019404142860e-05
7.560000000000000000e+02 1.493961163350113543e-05
7.570000000000000000e+02 1.497352975488342404e-05
7.580000000000000000e+02 1.500743901168909501e-05
7.590000000000000000e+02 1.504134396018585480e-05
7.600000000000000000e+02 1.507524921867373056e-05
7.610000000000000000e+02 1.510915946602501228e-05
7.620000000000000000e+02 1.514307944257744235e-05
7.630000000000000000e+02 1.517701392780507849e-05
7.640000000000000000e+02 1.521096778271793576e-05
7.650000000000000000e+02 1.524494590700716433e-05
7.660000000000000000e+02 1.527895326058164823e-05
7.670000000000000000e+02 1.531299484151803179e-05
7.680000000000000000e+02 1.534707568681205312e-05
7.690000000000000000e+02 1.538120089159966138e-05
7.700000000000000000e+02 1.541537561001013991e-05
7.710000000000000000e+02 1.544960499254868736e-05
7.720000000000000000e+02 1.548389424792754606e-05
7.730000000000000000e+02 1.551824862163570586e-05
7.740000000000000000e+02 1.555267337632410462e-05
7.750000000000000000e+02 1.558717379071822764e-05
7.760000000000000000e+02 1.562175518043062533e-05
7.770000000000000000e+02 1.565642287690658117e-05
7.780000000000000000e+02 1.569118222809667962e-05
7.790000000000000000e+02 1.572603859756092302e-05
7.800000000000000000e+02 1.576099736518605675e-05
7.810000000000000000e+02 1.579606392639286495e-05
7.820000000000000000e+02 1.583124367307370083e-05
7.830000000000000000e+02 1.586654203236871985e-05
7.840000000000000000e+02 1.590196440849506537e-05
7.850000000000000000e+02 1.593751622125801784e-05
7.860000000000000000e+02 1.597320288747512853e-05
7.870000000000000000e+02 1.600902982030736170e-05
7.880000000000000000e+02 1.604500244975933497e-05
7.890000000000000000e+02 1.608112618340796143e-05
7.900000000000000000e+02 1.611740642690906653e-05
7.910000000000000000e+02 1.615384858330553493e-05
7.920000000000000000e+02 1.619045805450729388e-05
7.930000000000000000e+02 1.622724022161543925e-05
7.940000000000000000e+02 1.626420044648685102e-05
7.950000000000000000e+02 1.630134409000733335e-05
7.960000000000000000e+02 1.633867649496261273e-05
7.970000000000000000e+02 1.637620296682828808e-05
7.980000000000000000e+02 1.641392881276843379e-05
7.990000000000000000e+02 1.645185930406301391e-05
8.000000000000000000e+02 1.648999971488833693e-05
8.010000000000000000e+02 1.652835528514648197e-05
8.020000000000000000e+02 1.656693124067421744e-05
8.030000000000000000e+02 1.660573279290464182e-05
8.040000000000000000e+02 1.664476512271113813e-05
8.050000000000000000e+02 1.668403339814375258e-05
8.060000000000000000e+02 1.672354275851835150e-05
8.070000000000000000e+02 1.676329833201509621e-05
8.080000000000000000e+02 1.680330520211943137e-05
8.090000000000000000e+02 1.684356844284085771e-05
8.100000000000000000e+02 1.688409310327675268e-05
8.110000000000000000e+02 1.692488420715407141e-05
8.120000000000000000e+02 1.696594673760024320e-05
8.130000000000000000e+02 1.700728567167128716e-05
8.140000000000000000e+02 1.704890594785534914e-05
8.150000000000000000e+02 1.709081248282576996e-05
8.160000000000000000e+02 1.713301017398012095e-05
8.170000000000000000e+02 1.717550389863535992e-05
8.180000000000000000e+02 1.721829851671255639e-05
8.190000000000000000e+02 1.726139883529426150e-05
8.200000000000000000e+02 1.730480966271786509e-05
8.210000000000000000e+02 1.734853577324282917e-05
8.220000000000000000e+02 1.739258192685547703e-05
8.230000000000000000e+02 1.743695283369948106e-05
8.240000000000000000e+02 1.748165320789413395e-05
8.250000000000000000e+02 1.752668771490259445e-05
8.260000000000000000e+02 1.757206100821127699e-05
8.270000000000000000e+02 1.761777772744301464e-05
8.280000000000000000e+02 1.766384246731696414e-05
8.290000000000000000e+02 1.771025980913371164e-05
8.300000000000000000e+02 1.775703430667729022e-05
8.310000000000000000e+02 1.780417048369662563e-05
8.320000000000000000e+02 1.785167285344725394e-05
8.330000000000000000e+02 1.789954588220508583e-05
8.340000000000000000e+02 1.794779402543530310e-05
8.350000000000000000e+02 1.799642170807109714e-05
8.360000000000000000e+02 1.804543332670736233e-05
8.370000000000000000e+02 1.809483326354099488e-05
8.380000000000000000e+02 1.814462585446588238e-05
8.390000000000000000e+02 1.819481540240885139e-05
8.400000000000000000e+02 1.824540619644517836e-05
8.410000000000000000e+02 1.829640247378766423e-05
8.420000000000000000e+02 1.834780847312843268e-05
8.430000000000000000e+02 1.839962837915976282e-05
8.440000000000000000e+02 1.845186635861950850e-05
8.450000000000000000e+02 1.850452653874849925e-05
8.460000000000000000e+02 1.855761300869214256e-05
8.470000000000000000e+02 1.861112983234733539e-05
8.480000000000000000e+02 1.866508101452845811e-05
8.490000000000000000e+02 1.871947054887938662e-05
8.500000000000000000e+02 1.877430236599133515e-05
8.510000000000000000e+02 1.882958036363916441e-05
8.520000000000000000e+02 1.888530838964670467e-05
8.530000000000000000e+02 1.894149025466674479e-05
8.540000000000000000e+02 1.899812971453983978e-05
8.550000000000000000e+02 1.905523048296051624e-05
8.560000000000000000e+02 1.911279621342988692e-05
8.570000000000000000e+02 1.917083051177952415e-05
8.580000000000000000e+02 1.922933693646677614e-05
8.590000000000000000e+02 1.928831897383197582e-05
8.600000000000000000e+02 1.934778007554975858e-05
8.610000000000000000e+02 1.940772361488795906e-05
8.620000000000000000e+02 1.946815292438749229e-05
8.630000000000000000e+02 1.952907125131685039e-05
8.640000000000000000e+02 1.959048179559079957e-05
8.650000000000000000e+02 1.965238768423282467e-05
8.660000000000000000e+02 1.971479197040527646e-05
8.670000000000000000e+02 1.977769760655248102e-05
8.680000000000000000e+02 1.984110750314036043e-05
8.690000000000000000e+02 1.990502446188501190e-05
8.700000000000000000e+02 1.996945121457180085e-05
8.710000000000000000e+02 2.003439039581043094e-05
8.720000000000000000e+02 2.009984456197987608e-05
8.730000000000000000e+02 2.016581618458138092e-05
8.740000000000000000e+02 2.023230764876474542e-05
8.750000000000000000e+02 2.029932122495893500e-05
8.760000000000000000e+02 2.036685908783970962e-05
8.770000000000000000e+02 2.043492333107770070e-05
8.780000000000000000e+02 2.050351592197943428e-05
8.790000000000000000e+02 2.057263873770340368e-05
8.800000000000000000e+02 2.064229356372282675e-05
8.810000000000000000e+02 2.071248206456051521e-05
8.820000000000000000e+02 2.078320578093626757e-05
8.830000000000000000e+02 2.085446616805006141e-05
8.840000000000000000e+02 2.092626452464911558e-05
8.850000000000000000e+02 2.099860205419545967e-05
8.860000000000000000e+02 2.107147983997953686e-05
8.870000000000000000e+02 2.114489881348703676e-05
8.880000000000000000e+02 2.121885977519799620e-05
8.890000000000000000e+02 2.129336341060934212e-05
8.900000000000000000e+02 2.136841026443401059e-05
8.910000000000000000e+02 2.144400073184820292e-05
8.920000000000000000e+02 2.152013508102524380e-05
8.930000000000000000e+02 2.159681341978241209e-05
8.940000000000000000e+02 2.167403571846644972e-05
8.950000000000000000e+02 2.175180182696320638e-05
8.960000000000000000e+02 2.183011139678865358e-05
8.970000000000000000e+02 2.190896394795956422e-05
8.980000000000000000e+02 2.198835884231940832e-05
8.990000000000000000e+02 2.206829530036750177e-05
9.000000000000000000e+02 2.214877237430722432e-05
9.010000000000000000e+02 2.222978893771105892e-05
9.020000000000000000e+02 2.231134373870946654e-05
9.030000000000000000e+02 2.239343533644310669e-05
9.040000000000000000e+02 2.247606215532818279e-05
9.050000000000000000e+02 2.255922242017484661e-05
9.060000000000000000e+02 2.264291418313795368e-05
9.070000000000000000e+02 2.272713534140453768e-05
9.080000000000000000e+02 2.281188360979158301e-05
9.090000000000000000e+02 2.289715653860325816e-05
9.100000000000000000e+02 2.298295148562593966e-05
9.110000000000000000e+02 2.306926563415751509e-05
9.120000000000000000e+02 2.315609599404661113e-05
9.130000000000000000e+02 2.324343939136399922e-05
9.140000000000000000e+02 2.333129246931352863e-05
9.150000000000000000e+02 2.341965167773792360e-05
9.160000000000000000e+02 2.350851330445219900e-05
9.170000000000000000e+02 2.359787343506026484e-05
9.180000000000000000e+02 2.368772795366786037e-05
9.190000000000000000e+02 2.377807256330187908e-05
9.200000000000000000e+02 2.386890278780465962e-05
9.210000000000000000e+02 2.396021396210439955e-05
9.220000000000000000e+02 2.405200123416555375e-05
9.230000000000000000e+02 2.414425955513779378e-05
9.240000000000000000e+02 2.423698368121900945e-05
9.250000000000000000e+02 2.433016819638310352e-05
9.260000000000000000e+02 2.442380748278338994e-05
9.270000000000000000e+02 2.451789574363970198e-05
9.280000000000000000e+02 2.461242697344426236e-05
9.290000000000000000e+02 2.470739501469625503e-05
9.300000000000000000e+02 2.480279349543901014e-05
9.310000000000000000e+02 2.489861588645557515e-05
9.320000000000000000e+02 2.499485543846350881e-05
9.330000000000000000e+02 2.509150523971042122e-05
9.340000000000000000e+02 2.518855822259604690e-05
9.350000000000000000e+02 2.528600708409611844e-05
9.360000000000000000e+02 2.538384439597297422e-05
9.370000000000000000e+02 2.548206252577540768e-05
9.380000000000000000e+02 2.558065367824018427e-05
9.390000000000000000e+02 2.567960984992012532e-05
9.400000000000000000e+02 2.577892290784068865e-05
9.410000000000000000e+02 2.587858454494458882e-05
9.420000000000000000e+02 2.597858632470244073e-05
9.430000000000000000e+02 2.607891959872433136e-05
9.440000000000000000e+02 2.617957558831606526e-05
9.450000000000000000e+02 2.628054533861255742e-05
9.460000000000000000e+02 2.638181980300667242e-05
9.470000000000000000e+02 2.648338972186766908e-05
9.480000000000000000e+02 2.658524574529914095e-05
9.490000000000000000e+02 2.668737834921944060e-05
9.500000000000000000e+02 2.678977788325594123e-05
9.510000000000000000e+02 2.689243456317238256e-05
9.520000000000000000e+02 2.699533848136610951e-05
9.530000000000000000e+02 2.709847963904672507e-05
9.540000000000000000e+02 2.720184791882169622e-05
9.550000000000000000e+02 2.730543307735189723e-05
9.560000000000000000e+02 2.740922475671602035e-05
9.570000000000000000e+02 2.751321255831511181e-05
9.580000000000000000e+02 2.761738593497083704e-05
9.590000000000000000e+02 2.772173426476492395e-05
9.600000000000000000e+02 2.782624686421153486e-05
9.610000000000000000e+02 2.793091298323547927e-05
9.620000000000000000e+02 2.803572177696839513e-05
9.630000000000000000e+02 2.814066238324827235e-05
9.640000000000000000e+02 2.824572385388942743e-05
9.650000000000000000e+02 2.835089519045759729e-05
9.660000000000000000e+02 2.845616540186509310e-05
9.670000000000000000e+02 2.856152341464711079e-05
9.680000000000000000e+02 2.866695813041092753e-05
9.690000000000000000e+02 2.877245846337051001e-05
9.700000000000000000e+02 2.887801331481525070e-05
9.710000000000000000e+02 2.898361156722614840e-05
9.720000000000000000e+02 2.908924210146888973e-05
9.730000000000000000e+02 2.919489383476034258e-05
9.740000000000000000e+02 2.930055574032486027e-05
9.750000000000000000e+02 2.940621675273264748e-05
9.760000000000000000e+02 2.951186592008253100e-05
9.770000000000000000e+02 2.961749230986214881e-05
9.780000000000000000e+02 2.972308502823659787e-05
9.790000000000000000e+02 2.982863325887682087e-05
9.800000000000000000e+02 2.993412628394792049e-05
9.810000000000000000e+02 3.003955343285765896e-05
9.820000000000000000e+02 3.014490414845667041e-05
9.830000000000000000e+02 3.025016793544759499e-05
9.840000000000000000e+02 3.035533442676735243e-05
9.850000000000000000e+02 3.046039333239955194e-05
9.860000000000000000e+02 3.056533455232195151e-05
9.870000000000000000e+02 3.067014803312293977e-05
9.880000000000000000e+02 3.077482392683385763e-05
9.890000000000000000e+02 3.087935254216178448e-05
9.900000000000000000e+02 3.098372426854490970e-05
9.910000000000000000e+02 3.108792971477122955e-05
9.920000000000000000e+02 3.119195963280652761e-05
9.930000000000000000e+02 3.129580496355467928e-05
9.940000000000000000e+02 3.139945685423358395e-05
9.950000000000000000e+02 3.150290660998895681e-05
9.960000000000000000e+02 3.160614575752323380e-05
9.970000000000000000e+02 3.170916604570505579e-05
9.980000000000000000e+02 3.181195941259871448e-05
9.990000000000000000e+02 3.191451803406089230e-05
1.000000000000000000e+03 3.201683429018715988e-05
1.001000000000000000e+03 3.211890081414336441e-05
1.002000000000000000e+03 3.222071050761345746e-05
1.003000000000000000e+03 3.232225649185687413e-05
1.004000000000000000e+03 3.242353217150132873e-05
1.005000000000000000e+03 3.252453118532879785e-05
1.006000000000000000e+03 3.262524746981863101e-05
1.007000000000000000e+03 3.272567520988792271e-05
1.008000000000000000e+03 3.282580890199479618e-05
1.009000000000000000e+03 3.292564330486828572e-05
1.010000000000000000e+03 3.302517340184792376e-05
1.011000000000000000e+03 3.312439450018365620e-05
1.012000000000000000e+03 3.322330214342895938e-05
1.013000000000000000e+03 3.332189221113123764e-05
1.014000000000000000e+03 3.342016083013268115e-05
1.015000000000000000e+03 3.351810442447399128e-05
1.016000000000000000e+03 3.361571967490274303e-05
1.017000000000000000e+03 3.371300362006328160e-05
1.018000000000000000e+03 3.380995356560968741e-05
1.019000000000000000e+03 3.390656718500052833e-05
1.020000000000000000e+03 3.400284237753941751e-05
1.021000000000000000e+03 3.409877746979260416e-05
1.022000000000000000e+03 3.419437102327010225e-05
1.023000000000000000e+03 3.428962193307856754e-05
1.024000000000000000e+03 3.438452943846327989e-05
1.025000000000000000e+03 3.447909306874163049e-05
1.026000000000000000e+03 3.457331265320817600e-05
1.027000000000000000e+03 3.466718836809593414e-05
1.028000000000000000e+03 3.476072064463460963e-05
1.029000000000000000e+03 3.485391026565495934e-05
1.030000000000000000e+03 3.494675832548900572e-05
1.031000000000000000e+03 3.503926617215511185e-05
1.032000000000000000e+03 3.513143552008748212e-05
1.033000000000000000e+03 3.522326834094725249e-05
1.034000000000000000e+03 3.531476687411214647e-05
1.035000000000000000e+03 3.540593366891313609e-05
1.036000000000000000e+03 3.549677159573222011e-05
1.037000000000000000e+03 3.558728373514416813e-05
1.038000000000000000e+03 3.567747348997445301e-05
1.039000000000000000e+03 3.576734452455681055e-05
1.040000000000000000e+03 3.585690077583639809e-05
1.041000000000000000e+03 3.594614639146431030e-05
1.042000000000000000e+03 3.603508584179575838e-05
1.043000000000000000e+03 3.612372380779780922e-05
1.044000000000000000e+03 3.621206524166981219e-05
1.045000000000000000e+03 3.630011535557469646e-05
1.046000000000000000e+03 3.638787958130873729e-05
1.047000000000000000e+03 3.647536365943570717e-05
1.048000000000000000e+03 3.656257354830985202e-05
1.049000000000000000e+03 3.664951541312771929e-05
1.050000000000000000e+03 3.673619563404086335e-05
1.051000000000000000e+03 3.682262079532041708e-05
1.052000000000000000e+03 3.690879774268221496e-05
1.053000000000000000e+03 3.699473347377195176e-05
1.054000000000000000e+03 3.708043514484816409e-05
1.055000000000000000e+03 3.716591015916978637e-05
1.056000000000000000e+03 3.725116602603772541e-05
1.057000000000000000e+03 3.733621044810037581e-05
1.058000000000000000e+03 3.742105127963612246e-05
1.059000000000000000e+03 3.750569651463755213e-05
1.060000000000000000e+03 3.759015429501614658e-05
1.061000000000000000e+03 3.767443289756967103e-05
1.062000000000000000e+03 3.775854074330037687e-05
1.063000000000000000e+03 3.784248633492327563e-05
1.064000000000000000e+03 3.792627831526127489e-05
1.065000000000000000e+03 3.800992545160704583e-05
1.066000000000000000e+03 3.809343664761012785e-05
1.067000000000000000e+03 3.817682083163010526e-05
1.068000000000000000e+03 3.826008701706747089e-05
1.069000000000000000e+03 3.834324437779322462e-05
1.070000000000000000e+03 3.842630207618488817e-05
1.071000000000000000e+03 3.850926938250558721e-05
1.072000000000000000e+03 3.859215564520933946e-05
1.073000000000000000e+03 3.867497022358822706e-05
1.074000000000000000e+03 3.875772259693901242e-05
1.075000000000000000e+03 3.884042220607374638e-05
1.076000000000000000e+03 3.892307856191884496e-05
1.077000000000000000e+03 3.900570117895460335e-05
1.078000000000000000e+03 3.908829963782617736e-05
1.079000000000000000e+03 3.917088347485308208e-05
1.080000000000000000e+03 3.925346228868839375e-05
1.081000000000000000e+03 3.933604567519627507e-05
1.082000000000000000e+03 3.941864320143503966e-05
1.083000000000000000e+03 3.950126442876051788e-05
1.084000000000000000e+03 3.958391893084647266e-05
1.085000000000000000e+03 3.966661622990326930e-05
1.086000000000000000e+03 3.974936581532547526e-05
1.087000000000000000e+03 3.983217716582796841e-05
1.088000000000000000e+03 3.991505972573349367e-05
1.089000000000000000e+03 3.999802288447984602e-05
1.090000000000000000e+03 4.008107599608220074e-05
1.091000000000000000e+03 4.016422839971435385e-05
1.092000000000000000e+03 4.024748935713923177e-05
1.093000000000000000e+03 4.033086807289506880e-05
1.094000000000000000e+03 4.041437371475509497e-05
1.095000000000000000e+03 4.049801539270743764e-05
1.096000000000000000e+03 4.058180209967133297e-05
1.097000000000000000e+03 4.066574277081770958e-05
1.098000000000000000e+03 4.074984630413251252e-05
1.099000000000000000e+03 4.083412150089982484e-05
1.100000000000000000e+03 4.091857704808986388e-05
1.101000000000000000e+03 4.100322157537459851e-05
1.102000000000000000e+03 4.108806367682527061e-05
1.103000000000000000e+03 4.117311181328848005e-05
1.104000000000000000e+03 4.125837437395963887e-05
1.105000000000000000e+03 4.134385961677375262e-05
1.106000000000000000e+03 4.142957576719078698e-05
1.107000000000000000e+03 4.151553092166167404e-05
1.108000000000000000e+03 4.160173310909168610e-05
1.109000000000000000e+03 4.168819023244891837e-05
1.110000000000000000e+03 4.177491012905480667e-05
1.111000000000000000e+03 4.186190051340704535e-05
1.112000000000000000e+03 4.194916903685727327e-05
1.113000000000000000e+03 4.203672323087704417e-05
1.114000000000000000e+03 4.212457053168681389e-05
1.115000000000000000e+03 4.221271825882560709e-05
1.116000000000000000e+03 4.230117367427710850e-05
1.117000000000000000e+03 4.238994389249505185e-05
1.118000000000000000e+03 4.247903597348945729e-05
1.119000000000000000e+03 4.256845683343387775e-05
1.120000000000000000e+03 4.265821333694241500e-05
1.121000000000000000e+03 4.274831220904240335e-05
1.122000000000000000e+03 4.283876012565077606e-05
1.123000000000000000e+03 4.292956362742832767e-05
1.124000000000000000e+03 4.302072914363883646e-05
1.125000000000000000e+03 4.311226303679706551e-05
1.126000000000000000e+03 4.320417156157851685e-05
1.127000000000000000e+03 4.329646087721498613e-05
1.128000000000000000e+03 4.338913706998875582e-05
1.129000000000000000e+03 4.348220610272270596e-05
1.130000000000000000e+03 4.357567383702396180e-05
1.131000000000000000e+03 4.366954604548903545e-05
1.132000000000000000e+03 4.376382843351717404e-05
1.133000000000000000e+03 4.385852662028611490e-05
1.134000000000000000e+03 4.395364609935598006e-05
1.135000000000000000e+03 4.404919228038304689e-05
1.136000000000000000e+03 4.414517051130116245e-05
1.137000000000000000e+03 4.424158602763807700e-05
1.138000000000000000e+03 4.433844397594937622e-05
1.139000000000000000e+03 4.443574942187900257e-05
1.140000000000000000e+03 4.453350734446131208e-05
1.141000000000000000e+03 4.463172264284916548e-05
1.142000000000000000e+03 4.473040013186440993e-05
1.143000000000000000e+03 4.482954451744875001e-05
1.144000000000000000e+03 4.492916042301544412e-05
1.145000000000000000e+03 4.502925242166109338e-05
1.146000000000000000e+03 4.512982497650866389e-05
1.147000000000000000e+03 4.523088247065493286e-05
1.148000000000000000e+03 4.533242920720567784e-05
1.149000000000000000e+03 4.543446937961347049e-05
1.150000000000000000e+03 4.553700715934085687e-05
1.151000000000000000e+03 4.564004657872916521e-05
1.152000000000000000e+03 4.574359158954020556e-05
1.153000000000000000e+03 4.584764608967189218e-05
1.154000000000000000e+03 4.595221386662872159e-05
1.155000000000000000e+03 4.605729865261320197e-05
1.156000000000000000e+03 4.616290406737982675e-05
1.157000000000000000e+03 4.626903367375372040e-05
1.158000000000000000e+03 4.637569094846124955e-05
1.159000000000000000e+03 4.648287925133088189e-05
1.160000000000000000e+03 4.659060188180965030e-05
1.161000000000000000e+03 4.669886204832658774e-05
1.162000000000000000e+03 4.680766286712063700e-05
1.163000000000000000e+03 4.691700735918309889e-05
1.164000000000000000e+03 4.702689847935504359e-05
1.165000000000000000e+03 4.713733905337615403e-05
1.166000000000000000e+03 4.724833186650850245e-05
1.167000000000000000e+03 4.735987957023533596e-05
1.168000000000000000e+03 4.747198474161193652e-05
1.169000000000000000e+03 4.758464987796380454e-05
1.170000000000000000e+03 4.769787736801884773e-05
1.171000000000000000e+03 4.781166948527642088e-05
1.172000000000000000e+03 4.792602841905523731e-05
1.173000000000000000e+03 4.804095626728784925e-05
1.174000000000000000e+03 4.815645500839358393e-05
1.175000000000000000e+03 4.827252652286918979e-05
1.176000000000000000e+03 4.838917259588134008e-05
1.177000000000000000e+03 4.850639490873993837e-05
1.178000000000000000e+03 4.862419504097526701e-05
1.179000000000000000e+03 4.874257443036659717e-05
1.180000000000000000e+03 4.886153443733400623e-05
1.181000000000000000e+03 4.898107627249648124e-05
1.182000000000000000e+03 4.910120109498342816e-05
1.183000000000000000e+03 4.922190987416940456e-05
1.184000000000000000e+03 4.934320352167355893e-05
1.185000000000000000e+03 4.946508281485260624e-05
1.186000000000000000e+03 4.958754840314079501e-05
1.187000000000000000e+03 4.971060079233878781e-05
1.188000000000000000e+03 4.983424041882113362e-05
1.189000000000000000e+03 4.995846753404627986e-05
1.190000000000000000e+03 5.008328231331018863e-05
1.191000000000000000e+03 5.020868477175631148e-05
1.192000000000000000e+03 5.033467480740101420e-05
1.193000000000000000e+03 5.046125218382521070e-05
1.194000000000000000e+03 5.058841657459143588e-05
1.195000000000000000e+03 5.071616744192991664e-05
1.196000000000000000e+03 5.084450414953189148e-05
1.197000000000000000e+03 5.097342591095222587e-05
1.198000000000000000e+03 5.110293183390546772e-05
1.199000000000000000e+03 5.123302086881604980e-05
1.200000000000000000e+03 5.136369185277879821e-05
1.201000000000000000e+03 5.149494342155437078e-05
1.202000000000000000e+03 5.162677412561346885e-05
1.203000000000000000e+03 5.175918234286277039e-05
1.204000000000000000e+03 5.189216632227820601e-05
1.205000000000000000e+03 5.202572416938523536e-05
1.206000000000000000e+03 5.215985385431839272e-05
1.207000000000000000e+03 5.229455315771953087e-05
1.208000000000000000e+03 5.242981975603113858e-05
1.209000000000000000e+03 5.256565116680926439e-05
1.210000000000000000e+03 5.270204475849845298e-05
1.211000000000000000e+03 5.283899777277024018e-05
1.212000000000000000e+03 5.297650729589490297e-05
1.213000000000000000e+03 5.311457024072239894e-05
1.214000000000000000e+03 5.325318343826978906e-05
1.215000000000000000e+03 5.339234349934675062e-05
1.216000000000000000e+03 5.353204694779409024e-05
1.217000000000000000e+03 5.367229012046352522e-05
1.218000000000000000e+03 5.381306926321787024e-05
1.219000000000000000e+03 5.395438042859854758e-05
1.220000000000000000e+03 5.409621957356448168e-05
1.221000000000000000e+03 5.423858245599193722e-05
1.222000000000000000e+03 5.438146473263233437e-05
1.223000000000000000e+03 5.452486189908039476e-05
1.224000000000000000e+03 5.466876934551718309e-05
1.225000000000000000e+03 5.481318229685795961e-05
1.226000000000000000e+03 5.495809586854360427e-05
1.227000000000000000e+03 5.510350500646212841e-05
1.228000000000000000e+03 5.524940458805292608e-05
1.229000000000000000e+03 5.539578931774971821e-05
1.230000000000000000e+03 5.554265378399742356e-05
1.231000000000000000e+03 5.568999244371272255e-05
1.232000000000000000e+03 5.583779963485800398e-05
1.233000000000000000e+03 5.598606956080594309e-05
1.234000000000000000e+03 5.613479635115626399e-05
1.235000000000000000e+03 5.628397399829052560e-05
1.236000000000000000e+03 5.643359637282647497e-05
1.237000000000000000e+03 5.658365725314663228e-05
1.238000000000000000e+03 5.673415029477003342e-05
1.239000000000000000e+03 5.688506905952006712e-05
1.240000000000000000e+03 5.703640703449665761e-05
1.241000000000000000e+03 5.718815756328957285e-05
1.242000000000000000e+03 5.734031391522683064e-05
1.243000000000000000e+03 5.749286926346173262e-05
1.244000000000000000e+03 5.764581675826701147e-05
1.245000000000000000e+03 5.779914940447444214e-05
1.246000000000000000e+03 5.795286018519674995e-05
1.247000000000000000e+03 5.810694193831685087e-05
1.248000000000000000e+03 5.826138748145443728e-05
1.249000000000000000e+03 5.841618958966203511e-05
1.250000000000000000e+03 5.857134097002687681e-05
1.251000000000000000e+03 5.872683423724032981e-05
1.252000000000000000e+03 5.888266199159571937e-05
1.253000000000000000e+03 5.903881674234027642e-05
1.254000000000000000e+03 5.919529104109820896e-05
1.255000000000000000e+03 5.935207735020944569e-05
1.256000000000000000e+03 5.950916812707105792e-05
1.257000000000000000e+03 5.966655574070497508e-05
1.258000000000000000e+03 5.982423261307229955e-05
1.259000000000000000e+03 5.998219113505792467e-05
1.260000000000000000e+03 6.014042364744900720e-05
1.261000000000000000e+03 6.029892251709407136e-05
1.262000000000000000e+03 6.045768012075796447e-05
1.263000000000000000e+03 6.061668881056224867e-05
1.264000000000000000e+03 6.077594095424796339e-05
1.265000000000000000e+03 6.093542889785619394e-05
1.266000000000000000e+03 6.109514506438685068e-05
1.267000000000000000e+03 6.125508191631126760e-05
1.268000000000000000e+03 6.141523194404435498e-05
1.269000000000000000e+03 6.157558757008319732e-05
1.270000000000000000e+03 6.173614141919558799e-05
1.271000000000000000e+03 6.189688605374838956e-05
1.272000000000000000e+03 6.205781413346218964e-05
1.273000000000000000e+03 6.221891831528621956e-05
1.274000000000000000e+03 6.238019141967676305e-05
1.275000000000000000e+03 6.254162621072114540e-05
1.276000000000000000e+03 6.270321562502087585e-05
1.277000000000000000e+03 6.286495266198585110e-05
1.278000000000000000e+03 6.302683038820149465e-05
1.279000000000000000e+03 6.318884193687909333e-05
1.280000000000000000e+03 6.335098057490561084e-05
1.281000000000000000e+03 6.351323964063159788e-05
1.282000000000000000e+03 6.367561261548092960e-05
1.283000000000000000e+03 6.383809305762324694e-05
1.284000000000000000e+03 6.400067467674517337e-05
1.285000000000000000e+03 6.416335126517890626e-05
1.286000000000000000e+03 6.432611677471642287e-05
1.287000000000000000e+03 6.448896524549076453e-05
1.288000000000000000e+03 6.465189088513386762e-05
1.289000000000000000e+03 6.481488799524537598e-05
1.290000000000000000e+03 6.497795105285305976e-05
1.291000000000000000e+03 6.514107463498218693e-05
1.292000000000000000e+03 6.530425356116380221e-05
1.293000000000000000e+03 6.546748269822072420e-05
1.294000000000000000e+03 6.563075710073320104e-05
1.295000000000000000e+03 6.579407199817098909e-05
1.296000000000000000e+03 6.595742281444077278e-05
1.297000000000000000e+03 6.612080503391265735e-05
1.298000000000000000e+03 6.628421440191316566e-05
1.299000000000000000e+03 6.644764679013139116e-05
1.300000000000000000e+03 6.661109833904955307e-05
1.301000000000000000e+03 6.677456526069316001e-05
1.302000000000000000e+03 6.693804398086144862e-05
1.303000000000000000e+03 6.710153106201925026e-05
1.304000000000000000e+03 6.726502334782176408e-05
1.305000000000000000e+03 6.742851782362431739e-05
1.306000000000000000e+03 6.759201170168854052e-05
1.307000000000000000e+03 6.775550227967248895e-05
1.308000000000000000e+03 6.791898714701339224e-05
1.309000000000000000e+03 6.808246404504529918e-05
1.310000000000000000e+03 6.824593095073127973e-05
1.311000000000000000e+03 6.840938599804612303e-05
1.312000000000000000e+03 6.857282755983380468e-05
1.313000000000000000e+03 6.873625417140439664e-05
1.314000000000000000e+03 6.889966461005955117e-05
1.315000000000000000e+03 6.906305775897907671e-05
1.316000000000000000e+03 6.922643280751712485e-05
1.317000000000000000e+03 6.938978905369669911e-05
1.318000000000000000e+03 6.955312604481141852e-05
1.319000000000000000e+03 6.971644350052835662e-05
1.320000000000000000e+03 6.987974139267060327e-05
1.321000000000000000e+03 7.004301980704012948e-05
1.322000000000000000e+03 7.020627914617701062e-05
1.323000000000000000e+03 7.036951992651064810e-05
1.324000000000000000e+03 7.053274292589290526e-05
1.325000000000000000e+03 7.069594903581243365e-05
1.326000000000000000e+03 7.085913941304799405e-05
1.327000000000000000e+03 7.102231532745364073e-05
1.328000000000000000e+03 7.118547831711450333e-05
1.329000000000000000e+03 7.134863003290192957e-05
1.330000000000000000e+03 7.151177233725252954e-05
1.331000000000000000e+03 7.167490726344829329e-05
1.332000000000000000e+03 7.183803711822414270e-05
1.333000000000000000e+03 7.200116426056270237e-05
1.334000000000000000e+03 7.216429132432644719e-05
1.335000000000000000e+03 7.232742099361341107e-05
1.336000000000000000e+03 7.249055623022573002e-05
1.337000000000000000e+03 7.265370010192030866e-05
1.338000000000000000e+03 7.281685595663531176e-05
1.339000000000000000e+03 7.298002718782609652e-05
1.340000000000000000e+03 7.314321741173442266e-05
1.341000000000000000e+03 7.330643034615894212e-05
1.342000000000000000e+03 7.346966987481822408e-05
1.343000000000000000e+03 7.363294003849821712e-05
1.344000000000000000e+03 7.379624504349991884e-05
1.345000000000000000e+03 7.395958919424198074e-05
1.346000000000000000e+03 7.412297696045634687e-05
1.347000000000000000e+03 7.428641290825664482e-05
1.348000000000000000e+03 7.444990182442839878e-05
1.349000000000000000e+03 7.461344853455454870e-05
1.350000000000000000e+03 7.477705808305167988e-05
1.351000000000000000e+03 7.494073549573470737e-05
1.352000000000000000e+03 7.510448601615301385e-05
1.353000000000000000e+03 7.526831492259436170e-05
1.354000000000000000e+03 7.543222765490850701e-05
1.355000000000000000e+03 7.559622968457673647e-05
1.356000000000000000e+03 7.576032669851026494e-05
1.357000000000000000e+03 7.592452435840546456e-05
1.358000000000000000e+03 7.608882848695092582e-05
1.359000000000000000e+03 7.625324493123331179e-05
1.360000000000000000e+03 7.641777969927763257e-05
1.361000000000000000e+03 7.658243876763679958e-05
1.362000000000000000e+03 7.674722827320868746e-05
1.363000000000000000e+03 7.691215431803987150e-05
1.364000000000000000e+03 7.707722316367535869e-05
1.365000000000000000e+03 7.724244103513217864e-05
1.366000000000000000e+03 7.740781436591770404e-05
1.367000000000000000e+03 7.757334944927501540e-05
1.368000000000000000e+03 7.773905278532375557e-05
1.369000000000000000e+03 7.790493078286070340e-05
1.370000000000000000e+03 7.807099000474234545e-05
1.371000000000000000e+03 7.823723692281422926e-05
1.372000000000000000e+03 7.840367815986900115e-05
1.373000000000000000e+03 7.857032024690961312e-05
1.374000000000000000e+03 7.873716986429639094e-05
1.375000000000000000e+03 7.890423359959542566e-05
1.376000000000000000e+03 7.907151814060396525e-05
1.377000000000000000e+03 7.923903007989500057e-05
1.378000000000000000e+03 7.940677611044035130e-05
1.379000000000000000e+03 7.957476287536676708e-05
1.380000000000000000e+03 7.974299707252843327e-05
1.381000000000000000e+03 7.991148529904065995e-05
1.382000000000000000e+03 8.008023425561973645e-05
1.383000000000000000e+03 8.024925053968931998e-05
1.384000000000000000e+03 8.041854080856384007e-05
1.385000000000000000e+03 8.058811161203493026e-05
1.386000000000000000e+03 8.075796960864771153e-05
1.387000000000000000e+03 8.092812134639438063e-05
1.388000000000000000e+03 8.109857339432128339e-05
1.389000000000000000e+03 8.126933225399295179e-05
1.390000000000000000e+03 8.144040445037082450e-05
1.391000000000000000e+03 8.161179635287036749e-05
1.392000000000000000e+03 8.178351448427404412e-05
1.393000000000000000e+03 8.195556516940117123e-05
1.394000000000000000e+03 8.212795480238148133e-05
1.395000000000000000e+03 8.230068962202198503e-05
1.396000000000000000e+03 8.247377593793615857e-05
1.397000000000000000e+03 8.264721990525369835e-05
1.398000000000000000e+03 8.282102775147962047e-05
1.399000000000000000e+03 8.299520554936755303e-05
1.400000000000000000e+03 8.316975940574411539e-05
1.401000000000000000e+03 8.334469527456586006e-05
1.402000000000000000e+03 8.352001918484984857e-05
1.403000000000000000e+03 8.369573701289700516e-05
1.404000000000000000e+03 8.387185467436807269e-05
1.405000000000000000e+03 8.404837789387392709e-05
1.406000000000000000e+03 8.422531247741852072e-05
1.407000000000000000e+03 8.440266403937145918e-05
1.408000000000000000e+03 8.458043828052814192e-05
1.409000000000000000e+03 8.475864070965279009e-05
1.410000000000000000e+03 8.493727692480847310e-05
1.411000000000000000e+03 8.511635229760844716e-05
1.412000000000000000e+03 8.529587229046612501e-05
1.413000000000000000e+03 8.547584217808762072e-05
1.414000000000000000e+03 8.565626725791240976e-05
1.415000000000000000e+03 8.583715267613621755e-05
1.416000000000000000e+03 8.601850364038466170e-05
1.417000000000000000e+03 8.620032517472291762e-05
1.418000000000000000e+03 8.638262236627727571e-05
1.419000000000000000e+03 8.656540008690736556e-05
1.420000000000000000e+03 8.674866330856554817e-05
1.421000000000000000e+03 8.693241679136646215e-05
1.422000000000000000e+03 8.711666536307736248e-05
1.423000000000000000e+03 8.730141367721350675e-05
1.424000000000000000e+03 8.748666642271780026e-05
1.425000000000000000e+03 8.767242811902799130e-05
1.426000000000000000e+03 8.785870335432883821e-05
1.427000000000000000e+03 8.804549651966410331e-05
1.428000000000000000e+03 8.823281207540056847e-05
1.429000000000000000e+03 8.842065428957278145e-05
1.430000000000000000e+03 8.860902750068759093e-05
1.431000000000000000e+03 8.879793588895819290e-05
1.432000000000000000e+03 8.898738367646220383e-05
1.433000000000000000e+03 8.917737489925372098e-05
1.434000000000000000e+03 8.936791366786371105e-05
1.435000000000000000e+03 8.955900390971556979e-05
1.436000000000000000e+03 8.975064962925498443e-05
1.437000000000000000e+03 8.994285464891254049e-05
1.438000000000000000e+03 9.013562284156355212e-05
1.439000000000000000e+03 9.032895793076630559e-05
1.440000000000000000e+03 9.052286366156798774e-05
1.441000000000000000e+03 9.071734366194965219e-05
1.442000000000000000e+03 9.091240158335893277e-05
1.443000000000000000e+03 9.110804093300138248e-05
1.444000000000000000e+03 9.130426527229781289e-05
1.445000000000000000e+03 9.150107801962799325e-05
1.446000000000000000e+03 9.169848262167950681e-05
1.447000000000000000e+03 9.189648238334254210e-05
1.448000000000000000e+03 9.209508066715391063e-05
1.449000000000000000e+03 9.229428066761400848e-05
1.450000000000000000e+03 9.249408566633638264e-05
1.451000000000000000e+03 9.269449877719534449e-05
1.452000000000000000e+03 9.289552317538370943e-05
1.453000000000000000e+03 9.309716186904946162e-05
1.454000000000000000e+03 9.329941792889385999e-05
1.455000000000000000e+03 9.350229428571446338e-05
1.456000000000000000e+03 9.370579393459031010e-05
1.457000000000000000e+03 9.390991970358620884e-05
1.458000000000000000e+03 9.411467448588984284e-05
1.459000000000000000e+03 9.432006103436705918e-05
1.460000000000000000e+03 9.452608216783453044e-05
1.461000000000000000e+03 9.473274053768514225e-05
1.462000000000000000e+03 9.494003888840742318e-05
1.463000000000000000e+03 9.514797976992849383e-05
1.464000000000000000e+03 9.535656582538346818e-05
1.465000000000000000e+03 9.556579955563424987e-05
1.466000000000000000e+03 9.577568350200638733e-05
1.467000000000000000e+03 9.598622006231878959e-05
1.468000000000000000e+03 9.619741170116607933e-05
1.469000000000000000e+03 9.640926073831005728e-05
1.470000000000000000e+03 9.662176956018030550e-05
1.471000000000000000e+03 9.683494040682070841e-05
1.472000000000000000e+03 9.704877558470214401e-05
1.473000000000000000e+03 9.726327722552764309e-05
1.474000000000000000e+03 9.747844755311435116e-05
1.475000000000000000e+03 9.769428861467926485e-05
1.476000000000000000e+03 9.791080254854942942e-05
1.477000000000000000e+03 9.812799134125908655e-05
1.478000000000000000e+03 9.834585704285985234e-05
1.479000000000000000e+03 9.856440152271489800e-05
1.480000000000000000e+03 9.878362673874864670e-05
1.481000000000000000e+03 9.900353449265742313e-05
1.482000000000000000e+03 9.922412667359791860e-05
1.483000000000000000e+03 9.944540498544271760e-05
1.484000000000000000e+03 9.966737121745299641e-05
1.485000000000000000e+03 9.989002699838996785e-05
1.486000000000000000e+03 1.001133740406146249e-04
1.487000000000000000e+03 1.003374138662581572e-04
1.488000000000000000e+03 1.005621480788577733e-04
1.489000000000000000e+03 1.007875781160555385e-04
1.490000000000000000e+03 1.010137054950870089e-04
1.491000000000000000e+03 1.012405315922989342e-04
1.492000000000000000e+03 1.014680578342966354e-04
1.493000000000000000e+03 1.016962854756578666e-04
1.494000000000000000e+03 1.019252158750006120e-04
1.495000000000000000e+03 1.021548501874397480e-04
1.496000000000000000e+03 1.023851896710377494e-04
1.497000000000000000e+03 1.026162353757410821e-04
1.498000000000000000e+03 1.028479884816513356e-04
1.499000000000000000e+03 1.030804499576292571e-04
1.500000000000000000e+03 1.033136208711740988e-04
1.501000000000000000e+03 1.035475021046635276e-04
1.502000000000000000e+03 1.037820946360558583e-04
1.503000000000000000e+03 1.040173992569413410e-04
1.504000000000000000e+03 1.042534168198415743e-04
1.505000000000000000e+03 1.044901480202132442e-04
1.506000000000000000e+03 1.047275936382889322e-04
1.507000000000000000e+03 1.049657542973879193e-04
1.508000000000000000e+03 1.052046306416675673e-04
1.509000000000000000e+03 1.054442231854740375e-04
1.510000000000000000e+03 1.056845325226980434e-04
1.511000000000000000e+03 1.059255590530915259e-04
1.512000000000000000e+03 1.061673032840348914e-04
1.513000000000000000e+03 1.064097655266358467e-04
1.514000000000000000e+03 1.066529461653060513e-04
1.515000000000000000e+03 1.068968454172140327e-04
1.516000000000000000e+03 1.071414636004706445e-04
1.517000000000000000e+03 1.073868008336841077e-04
1.518000000000000000e+03 1.076328573315929005e-04
1.519000000000000000e+03 1.078796331094416914e-04
1.520000000000000000e+03 1.081271283050744541e-04
1.521000000000000000e+03 1.083753428587451570e-04
1.522000000000000000e+03 1.086242767954340350e-04
1.523000000000000000e+03 1.088739299739107719e-04
1.524000000000000000e+03 1.091243023001095536e-04
1.525000000000000000e+03 1.093753935472251788e-04
1.526000000000000000e+03 1.096272035643288447e-04
1.527000000000000000e+03 1.098797320356774193e-04
1.528000000000000000e+03 1.101329787161886141e-04
1.529000000000000000e+03 1.103869432304019295e-04
1.530000000000000000e+03 1.106416252353325559e-04
1.531000000000000000e+03 1.108970242573935577e-04
1.532000000000000000e+03 1.111531398865451349e-04
1.533000000000000000e+03 1.114099715810049161e-04
1.534000000000000000e+03 1.116675188270161258e-04
1.535000000000000000e+03 1.119257810092163889e-04
1.536000000000000000e+03 1.121847575776673147e-04
1.537000000000000000e+03 1.124444478430336496e-04
1.538000000000000000e+03 1.127048511785708337e-04
1.539000000000000000e+03 1.129659668173339961e-04
1.540000000000000000e+03 1.132277940546251994e-04
1.541000000000000000e+03 1.134903320783857444e-04
1.542000000000000000e+03 1.137535801401984607e-04
1.543000000000000000e+03 1.140175373450807739e-04
1.544000000000000000e+03 1.142822028976569560e-04
1.545000000000000000e+03 1.145475758573081675e-04
1.546000000000000000e+03 1.148136553784004073e-04
1.547000000000000000e+03 1.150804404730429166e-04
1.548000000000000000e+03 1.153479302445896973e-04
1.549000000000000000e+03 1.156161236956052712e-04
1.550000000000000000e+03 1.158850198763014707e-04
1.551000000000000000e+03 1.161546177409420035e-04
1.552000000000000000e+03 1.164249162846018991e-04
1.553000000000000000e+03 1.166959144486302282e-04
1.554000000000000000e+03 1.169676112148083599e-04
1.555000000000000000e+03 1.172400054727172863e-04
1.556000000000000000e+03 1.175130961889120579e-04
1.557000000000000000e+03 1.177868822779441576e-04
1.558000000000000000e+03 1.180613626967358246e-04
1.559000000000000000e+03 1.183365363021929897e-04
1.560000000000000000e+03 1.186124020420419468e-04
1.561000000000000000e+03 1.188889587556362200e-04
1.562000000000000000e+03 1.191662054207191215e-04
1.563000000000000000e+03 1.194441409028375648e-04
1.564000000000000000e+03 1.197227641697878083e-04
1.565000000000000000e+03 1.200020740754733153e-04
1.566000000000000000e+03 1.202820695743610273e-04
1.567000000000000000e+03 1.205627495505955435e-04
1.568000000000000000e+03 1.208441129902118290e-04
1.569000000000000000e+03 1.211261588081555826e-04
1.570000000000000000e+03 1.214088860247284805e-04
1.571000000000000000e+03 1.216922935889903310e-04
1.572000000000000000e+03 1.219763805562788306e-04
1.573000000000000000e+03 1.222611458657864368e-04
1.574000000000000000e+03 1.225465886124020261e-04
1.575000000000000000e+03 1.228327078116172525e-04
1.576000000000000000e+03 1.231195025983194199e-04
1.577000000000000000e+03 1.234069720702724515e-04
1.578000000000000000e+03 1.236951154025489543e-04
1.579000000000000000e+03 1.239839316898889304e-04
1.580000000000000000e+03 1.242734202374193742e-04
1.581000000000000000e+03 1.245635801828834594e-04
1.582000000000000000e+03 1.248544108753225966e-04
1.583000000000000000e+03 1.251459115398185975e-04
1.584000000000000000e+03 1.254380815746620245e-04
1.585000000000000000e+03 1.257309202961950489e-04
1.586000000000000000e+03 1.260244271944269666e-04
1.587000000000000000e+03 1.263186016806787425e-04
1.588000000000000000e+03 1.266134432972108718e-04
1.589000000000000000e+03 1.269089515064388105e-04
1.590000000000000000e+03 1.272051259950296215e-04
1.591000000000000000e+03 1.275019663236368560e-04
1.592000000000000000e+03 1.277994722355306283e-04
1.593000000000000000e+03 1.280976433936434876e-04
1.594000000000000000e+03 1.283964796445388171e-04
1.595000000000000000e+03 1.286959808002958929e-04
1.596000000000000000e+03 1.289961467684515143e-04
1.597000000000000000e+03 1.292969774673352796e-04
1.598000000000000000e+03 1.295984729622097899e-04
1.599000000000000000e+03 1.299006332330235119e-04
1.600000000000000000e+03 1.302034584577133752e-04
1.601000000000000000e+03 1.305069487261447780e-04
1.602000000000000000e+03 1.308111043306787178e-04
1.603000000000000000e+03 1.311159255214138831e-04
1.604000000000000000e+03 1.314214127077054681e-04
1.605000000000000000e+03 1.317275662082831344e-04
1.606000000000000000e+03 1.320343865987974390e-04
1.607000000000000000e+03 1.323418743152780666e-04
1.608000000000000000e+03 1.326500300553373139e-04
1.609000000000000000e+03 1.329588543745594052e-04
1.610000000000000000e+03 1.332683480940435243e-04
1.611000000000000000e+03 1.335785119388277562e-04
1.612000000000000000e+03 1.338893468533992382e-04
1.613000000000000000e+03 1.342008536877280483e-04
1.614000000000000000e+03 1.345130335146150244e-04
1.615000000000000000e+03 1.348258873126071354e-04
1.616000000000000000e+03 1.351394162811658101e-04
1.617000000000000000e+03 1.354536215276240508e-04
1.618000000000000000e+03 1.357685043827295168e-04
1.619000000000000000e+03 1.360840660836073839e-04
1.620000000000000000e+03 1.364003080925666313e-04
1.621000000000000000e+03 1.367172317775399901e-04
1.622000000000000000e+03 1.370348387332840409e-04
1.623000000000000000e+03 1.373531304641474582e-04
1.624000000000000000e+03 1.376721086958748708e-04
1.625000000000000000e+03 1.379917750699770178e-04
1.626000000000000000e+03 1.383121314427853939e-04
1.627000000000000000e+03 1.386331795941608445e-04
1.628000000000000000e+03 1.389549215179777819e-04
1.629000000000000000e+03 1.392773591263100853e-04
1.630000000000000000e+03 1.396004945538560974e-04
1.631000000000000000e+03 1.399243298049573892e-04
1.632000000000000000e+03 1.402488671076207482e-04
1.633000000000000000e+03 1.405741086485594142e-04
1.634000000000000000e+03 1.409000567488273537e-04
1.635000000000000000e+03 1.412267137363472250e-04
1.636000000000000000e+03 1.415540820690252752e-04
1.637000000000000000e+03 1.418821641713205212e-04
1.638000000000000000e+03 1.422109626397908329e-04
1.639000000000000000e+03 1.425404799518408038e-04
1.640000000000000000e+03 1.428707188401396678e-04
1.641000000000000000e+03 1.432016819247695005e-04
1.642000000000000000e+03 1.435333720327943785e-04
1.643000000000000000e+03 1.438657919251567097e-04
1.644000000000000000e+03 1.441989444834820421e-04
1.645000000000000000e+03 1.445328325626915903e-04
1.646000000000000000e+03 1.448674591858487080e-04
1.647000000000000000e+03 1.452028273053981074e-04
1.648000000000000000e+03 1.455389400384406314e-04
1.649000000000000000e+03 1.458758004357705164e-04
1.650000000000000000e+03 1.462134117142347984e-04
1.651000000000000000e+03 1.465517769759329468e-04
1.652000000000000000e+03 1.468908995391438000e-04
1.653000000000000000e+03 1.472307825992478960e-04
1.654000000000000000e+03 1.475714295743030637e-04
1.655000000000000000e+03 1.479128437136125276e-04
1.656000000000000000e+03 1.482550284929360610e-04
1.657000000000000000e+03 1.485979872948478867e-04
1.658000000000000000e+03 1.489417236555766336e-04
1.659000000000000000e+03 1.492862410076782988e-04
1.660000000000000000e+03 1.496315429917342084e-04
1.661000000000000000e+03 1.499776330893013375e-04
1.662000000000000000e+03 1.503245150009193982e-04
1.663000000000000000e+03 1.506721922644937376e-04
1.664000000000000000e+03 1.510206686359920065e-04
1.665000000000000000e+03 1.513699477125843469e-04
1.666000000000000000e+03 1.517200333029862004e-04
1.667000000000000000e+03 1.520709290654117336e-04
1.668000000000000000e+03 1.524226388234580659e-04
1.669000000000000000e+03 1.527751662943703233e-04
1.670000000000000000e+03 1.531285153960775837e-04
1.671000000000000000e+03 1.534826898664559311e-04
1.672000000000000000e+03 1.538376936420564290e-04
1.673000000000000000e+03 1.541935305218926984e-04
1.674000000000000000e+03 1.545502044559406379e-04
1.675000000000000000e+03 1.549077192709694714e-04
1.676000000000000000e+03 1.552660789708260676e-04
1.677000000000000000e+03 1.556252874065529041e-04
1.678000000000000000e+03 1.559853486060039048e-04
1.679000000000000000e+03 1.563462664372202923e-04
1.680000000000000000e+03 1.567080449555822031e-04
1.681000000000000000e+03 1.570706880518482292e-04
1.682000000000000000e+03 1.574341998083247766e-04
1.683000000000000000e+03 1.577985841372304575e-04
1.684000000000000000e+03 1.581638451133035941e-04
1.685000000000000000e+03 1.585299866381509803e-04
1.686000000000000000e+03 1.588970128145999604e-04
1.687000000000000000e+03 1.592649275699503447e-04
1.688000000000000000e+03 1.596337350048412321e-04
1.689000000000000000e+03 1.600034390697890234e-04
1.690000000000000000e+03 1.603740438660882449e-04
1.691000000000000000e+03 1.607455533364774477e-04
1.692000000000000000e+03 1.611179715818696816e-04
1.693000000000000000e+03 1.614913025455838710e-04
1.694000000000000000e+03 1.618655503252780200e-04
1.695000000000000000e+03 1.622407188661423316e-04
1.696000000000000000e+03 1.626168122684356753e-04
1.697000000000000000e+03 1.629938344477528146e-04
1.698000000000000000e+03 1.633717895406486991e-04
1.699000000000000000e+03 1.637506814676258147e-04
1.700000000000000000e+03 1.641305143087212510e-04
1.701000000000000000e+03 1.645112919933400134e-04
1.702000000000000000e+03 1.648930186097831430e-04
1.703000000000000000e+03 1.652756980684745450e-04
1.704000000000000000e+03 1.656593344374239019e-04
1.705000000000000000e+03 1.660439316389106799e-04
1.706000000000000000e+03 1.664294937276734117e-04
1.707000000000000000e+03 1.668160246094949127e-04
1.708000000000000000e+03 1.672035283282426101e-04
1.709000000000000000e+03 1.675920087752715698e-04
1.710000000000000000e+03 1.679814699885777765e-04
1.711000000000000000e+03 1.683719158497706467e-04
1.712000000000000000e+03 1.687633503904904634e-04
1.713000000000000000e+03 1.691557774601762235e-04
1.714000000000000000e+03 1.695492010876442700e-04
1.715000000000000000e+03 1.699436251208235227e-04
1.716000000000000000e+03 1.703390535892907842e-04
1.717000000000000000e+03 1.707354903159096567e-04
1.718000000000000000e+03 1.711329393340309149e-04
1.719000000000000000e+03 1.715314044457955339e-04
1.720000000000000000e+03 1.719308896651144621e-04
1.721000000000000000e+03 1.723313988031459842e-04
1.722000000000000000e+03 1.727329358589118626e-04
1.723000000000000000e+03 1.731355046299667890e-04
1.724000000000000000e+03 1.735391091295831979e-04
1.725000000000000000e+03 1.739437531458714313e-04
1.726000000000000000e+03 1.743494406592814106e-04
1.727000000000000000e+03 1.747561754525467565e-04
1.728000000000000000e+03 1.751639615275692521e-04
1.729000000000000000e+03 1.755728026651836194e-04
1.730000000000000000e+03 1.759827028434794987e-04
1.731000000000000000e+03 1.763936658685172831e-04
1.732000000000000000e+03 1.768056957238637857e-04
1.733000000000000000e+03 1.772187961962066582e-04
1.734000000000000000e+03 1.776329712781212953e-04
1.735000000000000000e+03 1.780482247460573632e-04
1.736000000000000000e+03 1.784645605934848047e-04
1.737000000000000000e+03 1.788819826158560432e-04
1.738000000000000000e+03 1.793004948135960158e-04
1.739000000000000000e+03 1.797201009842661090e-04
1.740000000000000000e+03 1.801408051365343134e-04
1.741000000000000000e+03 1.805626110782430167e-04
1.742000000000000000e+03 1.809855228319955144e-04
1.743000000000000000e+03 1.814095442105514847e-04
1.744000000000000000e+03 1.818346792454020517e-04
1.745000000000000000e+03 1.822609317659401270e-04
1.746000000000000000e+03 1.826883058251295672e-04
1.747000000000000000e+03 1.831168052629919617e-04
1.748000000000000000e+03 1.835464341488233717e-04
1.749000000000000000e+03 1.839771963428423385e-04
1.750000000000000000e+03 1.844090959352756901e-04
1.751000000000000000e+03 1.848421368035509669e-04
1.752000000000000000e+03 1.852763230639825544e-04
1.753000000000000000e+03 1.857116586138066920e-04
1.754000000000000000e+03 1.861481475875881135e-04
1.755000000000000000e+03 1.865857939053364265e-04
1.756000000000000000e+03 1.870246017300722537e-04
1.757000000000000000e+03 1.874645750052162990e-04
1.758000000000000000e+03 1.879057179243274469e-04
1.759000000000000000e+03 1.883480344586628042e-04
1.760000000000000000e+03 1.887915288299795921e-04
1.761000000000000000e+03 1.892362050371883340e-04
1.762000000000000000e+03 1.896820673308519036e-04
1.763000000000000000e+03 1.901291197408502462e-04
1.764000000000000000e+03 1.905773665496688339e-04
1.765000000000000000e+03 1.910268118176727478e-04
1.766000000000000000e+03 1.914774598624981346e-04
1.767000000000000000e+03 1.919293147763424681e-04
1.768000000000000000e+03 1.923823809108675474e-04
1.769000000000000000e+03 1.928366623889670220e-04
1.770000000000000000e+03 1.932921635975675323e-04
1.771000000000000000e+03 1.937488886943618499e-04
1.772000000000000000e+03 1.942068421020323016e-04
1.773000000000000000e+03 1.946660280120561580e-04
1.774000000000000000e+03 1.951264508825218042e-04
1.775000000000000000e+03 1.955881149387896176e-04
1.776000000000000000e+03 1.960510246757191338e-04
1.777000000000000000e+03 1.965151843548955781e-04
1.778000000000000000e+03 1.969805985057497088e-04
1.779000000000000000e+03 1.974472714255738387e-04
1.780000000000000000e+03 1.979152076813171356e-04
1.781000000000000000e+03 1.983844116035349367e-04
1.782000000000000000e+03 1.988548877943376015e-04
1.783000000000000000e+03 1.993266406199403914e-04
1.784000000000000000e+03 1.997996747168881708e-04
1.785000000000000000e+03 2.002739944840578189e-04
1.786000000000000000e+03 2.007496045931708413e-04
1.787000000000000000e+03 2.012265094778950265e-04
1.788000000000000000e+03 2.017047138435443666e-04
1.789000000000000000e+03 2.021842221574395265e-04
1.790000000000000000e+03 2.026650391588366671e-04
1.791000000000000000e+03 2.031471693450832697e-04
1.792000000000000000e+03 2.036306174896815118e-04
1.793000000000000000e+03 2.041153881199632176e-04
1.794000000000000000e+03 2.046014860401705691e-04
1.795000000000000000e+03 2.050889158110416383e-04
1.796000000000000000e+03 2.055776822675267905e-04
1.797000000000000000e+03 2.060677899982719496e-04
1.798000000000000000e+03 2.065592438687275246e-04
1.799000000000000000e+03 2.070520484952049177e-04
1.800000000000000000e+03 2.075462087733559652e-04
1.801000000000000000e+03 2.080417293468035558e-04
1.802000000000000000e+03 2.085386151411188979e-04
1.803000000000000000e+03 2.090368708251013556e-04
1.804000000000000000e+03 2.095365013501964595e-04
1.805000000000000000e+03 2.100375114116411661e-04
1.806000000000000000e+03 2.105399059881365748e-04
1.807000000000000000e+03 2.110436897990549581e-04
1.808000000000000000e+03 2.115488678480050358e-04
1.809000000000000000e+03 2.120554448778224081e-04
1.810000000000000000e+03 2.125634259164599826e-04
1.811000000000000000e+03 2.130728157278086469e-04
1.812000000000000000e+03 2.135836193652057612e-04
1.813000000000000000e+03 2.140958416128924168e-04
1.814000000000000000e+03 2.146094875452163482e-04
1.815000000000000000e+03 2.151245619678138590e-04
1.816000000000000000e+03 2.156410699770955201e-04
1.817000000000000000e+03 2.161590163955913208e-04
1.818000000000000000e+03 2.166784063408146621e-04
1.819000000000000000e+03 2.171992446531180281e-04
1.820000000000000000e+03 2.177215364667446824e-04
1.821000000000000000e+03 2.182452866384941581e-04
1.822000000000000000e+03 2.187705003220429315e-04
1.823000000000000000e+03 2.192971823880984642e-04
1.824000000000000000e+03 2.198253380068536161e-04
1.825000000000000000e+03 2.203549720633345545e-04
1.826000000000000000e+03 2.208860897434037338e-04
1.827000000000000000e+03 2.214186959436603393e-04
1.828000000000000000e+03 2.219527958641671634e-04
1.829000000000000000e+03 2.224883944137165186e-04
1.830000000000000000e+03 2.230254968041683742e-04
1.831000000000000000e+03 2.235641079533564485e-04
1.832000000000000000e+03 2.241042330853124792e-04
1.833000000000000000e+03 2.246458771274476474e-04
1.834000000000000000e+03 2.251890453135870992e-04
1.835000000000000000e+03 2.257337425773559849e-04
1.836000000000000000e+03 2.262799741653908172e-04
1.837000000000000000e+03 2.268277450105743659e-04
1.838000000000000000e+03 2.273770603687006407e-04
1.839000000000000000e+03 2.279279251815433300e-04
1.840000000000000000e+03 2.284803447086120856e-04
1.841000000000000000e+03 2.290343238998823413e-04
1.842000000000000000e+03 2.295898680174121391e-04
1.843000000000000000e+03 2.301469820114290983e-04
1.844000000000000000e+03 2.307056711547043708e-04
1.845000000000000000e+03 2.312659404006460831e-04
1.846000000000000000e+03 2.318277950210545111e-04
1.847000000000000000e+03 2.323912399712052383e-04
1.848000000000000000e+03 2.329562805259589994e-04
1.849000000000000000e+03 2.335229216418837196e-04
1.850000000000000000e+03 2.340911685932759421e-04
1.851000000000000000e+03 2.346610263405853611e-04
1.852000000000000000e+03 2.352325001641410748e-04
1.853000000000000000e+03 2.358055950164748762e-04
1.854000000000000000e+03 2.363803161820089975e-04
1.855000000000000000e+03 2.369566686133826492e-04
1.856000000000000000e+03 2.375346575995125153e-04
1.857000000000000000e+03 2.381142880940968548e-04
1.858000000000000000e+03 2.386955653794257080e-04
1.859000000000000000e+03 2.392784944143447735e-04
1.860000000000000000e+03 2.398630804842481084e-04
1.861000000000000000e+03 2.404493285462395047e-04
1.862000000000000000e+03 2.410372438928766957e-04
1.863000000000000000e+03 2.416268314785286007e-04
1.864000000000000000e+03 2.422180965972966669e-04
1.865000000000000000e+03 2.428110441981897350e-04
1.866000000000000000e+03 2.434056795801518142e-04
1.867000000000000000e+03 2.440020076963113338e-04
1.868000000000000000e+03 2.446000338526453329e-04
1.869000000000000000e+03 2.451997630054679250e-04
1.870000000000000000e+03 2.458012004631898034e-04
1.871000000000000000e+03 2.464043511854157979e-04
1.872000000000000000e+03 2.470092204881417074e-04
1.873000000000000000e+03 2.476158133353675004e-04
1.874000000000000000e+03 2.482241350483272444e-04
1.875000000000000000e+03 2.488341905983939163e-04
1.876000000000000000e+03 2.494459853105735229e-04
1.877000000000000000e+03 2.500595241581080432e-04
1.878000000000000000e+03 2.506748124980036027e-04
1.879000000000000000e+03 2.512918553108171838e-04
1.880000000000000000e+03 2.519106579665815471e-04
1.881000000000000000e+03 2.525312254544370325e-04
1.882000000000000000e+03 2.531535631573572209e-04
1.883000000000000000e+03 2.537776760741610165e-04
1.884000000000000000e+03 2.544035696005316686e-04
1.885000000000000000e+03 2.550312487456031811e-04
1.886000000000000000e+03 2.556607189192362643e-04
1.887000000000000000e+03 2.562919851655190580e-04
1.888000000000000000e+03 2.569250529088907805e-04
1.889000000000000000e+03 2.575599272062396080e-04
1.890000000000000000e+03 2.581966135212941855e-04
1.891000000000000000e+03 2.588351169501149139e-04
1.892000000000000000e+03 2.594754429728964875e-04
1.893000000000000000e+03 2.601175967023353595e-04
1.894000000000000000e+03 2.607615836366863221e-04
1.895000000000000000e+03 2.614074089299068767e-04
1.896000000000000000e+03 2.620550781260673262e-04
1.897000000000000000e+03 2.627045963729248367e-04
1.898000000000000000e+03 2.633559692612746504e-04
1.899000000000000000e+03 2.640092020092589834e-04
1.900000000000000000e+03 2.646643002319358420e-04
1.901000000000000000e+03 2.653212691711210507e-04
1.902000000000000000e+03 2.659801144920678154e-04
1.903000000000000000e+03 2.666408414625858706e-04
1.904000000000000000e+03 2.673034558008862771e-04
1.905000000000000000e+03 2.679679628274912154e-04
1.906000000000000000e+03 2.686343682913529436e-04
1.907000000000000000e+03 2.693026775679835632e-04
1.908000000000000000e+03 2.699728964645167111e-04
1.909000000000000000e+03 2.706450304140125846e-04
1.910000000000000000e+03 2.713190852846876326e-04
1.911000000000000000e+03 2.719950665446975685e-04
1.912000000000000000e+03 2.726729801009914757e-04
1.913000000000000000e+03 2.733528315088474344e-04
1.914000000000000000e+03 2.740346267417815597e-04
1.915000000000000000e+03 2.747183713952068194e-04
1.916000000000000000e+03 2.754040715116718905e-04
1.917000000000000000e+03 2.760917327543109599e-04
1.918000000000000000e+03 2.767813612373985874e-04
1.919000000000000000e+03 2.774729626693367857e-04
1.920000000000000000e+03 2.781665432387639696e-04
1.921000000000000000e+03 2.788621087266466105e-04
1.922000000000000000e+03 2.795596653736656949e-04
1.923000000000000000e+03 2.802592190608566274e-04
1.924000000000000000e+03 2.809607761084225580e-04
1.925000000000000000e+03 2.816643424501294977e-04
1.926000000000000000e+03 2.823699244881582612e-04
1.927000000000000000e+03 2.830775282361782828e-04
1.928000000000000000e+03 2.837871601806481224e-04
1.929000000000000000e+03 2.844988264177709123e-04
1.930000000000000000e+03 2.852125334956477978e-04
1.931000000000000000e+03 2.859282875952351335e-04
1.932000000000000000e+03 2.866460953783671437e-04
1.933000000000000000e+03 2.873659630877526522e-04
1.934000000000000000e+03 2.880878974508789330e-04
1.935000000000000000e+03 2.888119047984081633e-04
1.936000000000000000e+03 2.895379919500839518e-04
1.937000000000000000e+03 2.902661653262343265e-04
1.938000000000000000e+03 2.909964318397384106e-04
1.939000000000000000e+03 2.917287980020116887e-04
1.940000000000000000e+03 2.924632707955834073e-04
1.941000000000000000e+03 2.931998568235835018e-04
1.942000000000000000e+03 2.939385631641960395e-04
1.943000000000000000e+03 2.946793964888652336e-04
1.944000000000000000e+03 2.954223639720750727e-04
1.945000000000000000e+03 2.961674723793245251e-04
1.946000000000000000e+03 2.969147289577904079e-04
1.947000000000000000e+03 2.976641405427576633e-04
1.948000000000000000e+03 2.984157144787975315e-04
1.949000000000000000e+03 2.991694577196199727e-04
1.950000000000000000e+03 2.999253776830747417e-04
1.951000000000000000e+03 3.006834813927984477e-04
1.952000000000000000e+03 3.014437763632700387e-04
1.953000000000000000e+03 3.022062696869664568e-04
1.954000000000000000e+03 3.029709689737506372e-04
1.955000000000000000e+03 3.037378814082990989e-04
1.956000000000000000e+03 3.045070146711842201e-04
1.957000000000000000e+03 3.052783760143431700e-04
1.958000000000000000e+03 3.060519732118485671e-04
1.959000000000000000e+03 3.068278136054814571e-04
1.960000000000000000e+03 3.076059050383544470e-04
1.961000000000000000e+03 3.083862549175592411e-04
1.962000000000000000e+03 3.091688711539288524e-04
1.963000000000000000e+03 3.099537612299904654e-04
1.964000000000000000e+03 3.107409331390050271e-04
1.965000000000000000e+03 3.115303944277885199e-04
1.966000000000000000e+03 3.123221531604824207e-04
1.967000000000000000e+03 3.131162169496764331e-04
1.968000000000000000e+03 3.139125939261971357e-04
1.969000000000000000e+03 3.147112917572372011e-04
1.970000000000000000e+03 3.155123186368369650e-04
1.971000000000000000e+03 3.163156822821746694e-04
1.972000000000000000e+03 3.171213909423685538e-04
1.973000000000000000e+03 3.179294523970694025e-04
1.974000000000000000e+03 3.187398749467964501e-04
1.975000000000000000e+03 3.195526664180854486e-04
1.976000000000000000e+03 3.203678351652848068e-04
1.977000000000000000e+03 3.211853890627777990e-04
1.978000000000000000e+03 3.220053365142377987e-04
1.979000000000000000e+03 3.228276854377927106e-04
1.980000000000000000e+03 3.236524442852498225e-04
1.981000000000000000e+03 3.244796210138017650e-04
1.982000000000000000e+03 3.253092241127149026e-04
1.983000000000000000e+03 3.261412615680179031e-04
1.984000000000000000e+03 3.269757419000631589e-04
1.985000000000000000e+03 3.278126731268271436e-04
1.986000000000000000e+03 3.286520638120497980e-04
1.987000000000000000e+03 3.294939220188443417e-04
1.988000000000000000e+03 3.303382563532947735e-04
1.989000000000000000e+03 3.311850749017006810e-04
1.990000000000000000e+03 3.320343862799520211e-04
1.991000000000000000e+03 3.328861985806666783e-04
1.992000000000000000e+03 3.337405204902415775e-04
1.993000000000000000e+03 3.345973602582963478e-04
1.994000000000000000e+03 3.354567267969894894e-04
1.995000000000000000e+03 3.363186285186170899e-04
1.996000000000000000e+03 3.371830742262915226e-04
1.997000000000000000e+03 3.380500717811138261e-04
1.998000000000000000e+03 3.389196291619213180e-04
1.999000000000000000e+03 3.397917537759239347e-04
2.000000000000000000e+03 3.406664544155619222e-04
