-2.980468750000000000e+00 3.734254920224753249e+00 4.377461085056768120e+00 3.907789150661517397e+01
-2.941406250000000000e+00 3.734253872426465559e+00 4.377455713291848127e+00 3.904132160988714872e+01
-2.902343750000000000e+00 3.734252618390337730e+00 4.377449292616058862e+00 3.899796569759692488e+01
-2.863281250000000000e+00 3.734251117195248604e+00 4.377441620425983615e+00 3.894666168241661097e+01
-2.824218750000000000e+00 3.734249321185763471e+00 4.377432455892245500e+00 3.888608941611917658e+01
-2.785156250000000000e+00 3.734247171978556157e+00 4.377421513108173734e+00 3.881476687100182232e+01
-2.746093750000000000e+00 3.734244600286128701e+00 4.377408453146187206e+00 3.873105512247677495e+01
-2.707031250000000000e+00 3.734241523297901377e+00 4.377392874893487829e+00 3.863317652233479293e+01
-2.667968750000000000e+00 3.734237841958759407e+00 4.377374304535682548e+00 3.851925155584397942e+01
-2.628906250000000000e+00 3.734233438296036489e+00 4.377352183553537834e+00 3.838736079266890044e+01
-2.589843750000000000e+00 3.734228171413502828e+00 4.377325855090475670e+00 3.823563863052437739e+01
-2.550781250000000000e+00 3.734221871420858818e+00 4.377294548527827622e+00 3.806240444178054361e+01
-2.511718750000000000e+00 3.734214339377952552e+00 4.377257362056711898e+00 3.786633310342238445e+01
-2.472656250000000000e+00 3.734205334182019165e+00 4.377213242937200377e+00 3.764665919009283357e+01
-2.433593750000000000e+00 3.734194570570561034e+00 4.377160964957451661e+00 3.740339520635135528e+01
-2.394531250000000000e+00 3.734181708071836692e+00 4.377099102315691326e+00 3.713752326494866907e+01
-2.355468750000000000e+00 3.734166341164367520e+00 4.377025998729060952e+00 3.685109095384842703e+01
-2.316406250000000000e+00 3.734147986575199862e+00 4.376939730056323974e+00 3.654711175345178731e+01
-2.277343750000000000e+00 3.734126071129094004e+00 4.376838058242930707e+00 3.622915146964678712e+01
-2.238281250000000000e+00 3.734099909625016700e+00 4.376718374271880485e+00 3.590050698333226364e+01
-2.199218750000000000e+00 3.734068689733430091e+00 4.376577628567631884e+00 3.556294776182125617e+01
-2.160156250000000000e+00 3.734031445470604282e+00 4.376412249605487581e+00 3.521534372430567572e+01
-2.121093750000000000e+00 3.733987029265817714e+00 4.376218055571527543e+00 3.485259622774795218e+01
-2.082031250000000000e+00 3.733934078974723292e+00 4.375990169403542573e+00 3.446597051725141370e+01
-2.042968750000000000e+00 3.733870980187441457e+00 4.375722947852893618e+00 3.404564944798202220e+01
-2.003906250000000000e+00 3.733795820320862990e+00 4.375409930662545577e+00 3.358570500867978836e+01
-1.964843750000000000e+00 3.733706338061275165e+00 4.375043790096723839e+00 3.308923891819782170e+01
-1.925781250000000000e+00 3.733599860846362528e+00 4.374616223575604756e+00 3.256918867720368382e+01
-1.886718750000000000e+00 3.733473231870035658e+00 4.374117405186735752e+00 3.204016484001297727e+01
-1.847656250000000000e+00 3.733322723603997417e+00 4.373536986858713504e+00 3.150408628723222648e+01
-1.808593750000000000e+00 3.733143938019947594e+00 4.372862183855457552e+00 3.094462310600821908e+01
-1.769531250000000000e+00 3.732931698067806892e+00 4.372077735193296455e+00 3.034603073304711529e+01
-1.730468750000000000e+00 3.732679893397971682e+00 4.371167673448320024e+00 2.972044299469265027e+01
-1.691406250000000000e+00 3.732381412215601380e+00 4.370113604221564252e+00 2.909412515944720568e+01
-1.652343750000000000e+00 3.732027848020422756e+00 4.368894221524611154e+00 2.845838975773188295e+01
-1.613281250000000000e+00 3.731609300968091958e+00 4.367485133075433623e+00 2.778933953116161248e+01
-1.574218750000000000e+00 3.731114250671336396e+00 4.365859230517584066e+00 2.711353354211579614e+01
-1.535156250000000000e+00 3.730529187623477849e+00 4.363985568231628420e+00 2.643860197582274552e+01
-1.496093750000000000e+00 3.729838321174043347e+00 4.361828661623174064e+00 2.573828671161207282e+01
-1.457031250000000000e+00 3.729023229151333219e+00 4.359348687691284141e+00 2.504655741780917566e+01
-1.417968750000000000e+00 3.728062429657530874e+00 4.356500952137246863e+00 2.433920206926890728e+01
-1.378906250000000000e+00 3.726930927845860442e+00 4.353234372751708214e+00 2.363876247537941211e+01
-1.339843750000000000e+00 3.725599671829076254e+00 4.349491189241731171e+00 2.292768027872007153e+01
-1.300781250000000000e+00 3.724034964915721613e+00 4.345206688160622832e+00 2.222539176229012270e+01
-1.261718750000000000e+00 3.722197781664172478e+00 4.340308000180794323e+00 2.152115462452177397e+01
-1.222656250000000000e+00 3.720043023098866364e+00 4.334712383687919335e+00 2.081701898890229074e+01
-1.183593750000000000e+00 3.717518680184622060e+00 4.328328180048122142e+00 2.011806914493557130e+01
-1.144531250000000000e+00 3.714564905217621060e+00 4.321052425203405711e+00 1.942397326693767923e+01
-1.105468750000000000e+00 3.711114933362840151e+00 4.312770482227640478e+00 1.873438661241776515e+01
-1.066406250000000000e+00 3.707086382838244543e+00 4.303354647517116049e+00 1.805011734765334808e+01
-1.027343750000000000e+00 3.702391414547308024e+00 4.292663266824640722e+00 1.737251282742720093e+01
-9.882812500000000000e-01 3.696927981460019996e+00 4.280540842472314367e+00 1.670052891071514978e+01
-9.492187500000000000e-01 3.690578507714139977e+00 4.266815698246600341e+00 1.603374838178367412e+01
-9.101562500000000000e-01 3.683217798989300462e+00 4.251298971171325825e+00 1.537618833424529186e+01
-8.710937500000000000e-01 3.674693167208021194e+00 4.233785748722262987e+00 1.472564460232306338e+01
-8.320312500000000000e-01 3.664841581855312391e+00 4.214052911841335458e+00 1.408299860633196765e+01
-7.929687500000000000e-01 3.653479129070078546e+00 4.191860904423312384e+00 1.344951756408154786e+01
-7.539062500000000000e-01 3.640401695925449488e+00 4.166950518249204372e+00 1.282506400517919865e+01
-7.148437500000000000e-01 3.625383995966850126e+00 4.139046721770861303e+00 1.221057668298555043e+01
-6.757812500000000000e-01 3.608178875809969988e+00 4.107858001063292797e+00 1.160669272933178142e+01
-6.367187500000000000e-01 3.588516986686165033e+00 4.073079778266135875e+00 1.101413988878548089e+01
-5.976562500000000000e-01 3.566105406901863173e+00 4.034390247843892219e+00 1.043348306929788372e+01
-5.585937500000000000e-01 3.540634731625644349e+00 3.991464291461428449e+00 9.865106998925034176e+00
-5.195312500000000000e-01 3.511771060046541937e+00 3.943966674136598627e+00 9.309845016867850376e+00
-4.804687500000000000e-01 3.479164905076193470e+00 3.891566973941996022e+00 8.768028597086797049e+00
-4.414062500000000000e-01 3.442453066577552345e+00 3.833935933729292422e+00 8.240847598566940491e+00
-4.023437500000000000e-01 3.401263356934586479e+00 3.770758209788188431e+00 7.728348645853620802e+00
-3.632812500000000000e-01 3.355220689684957236e+00 3.701739171076087409e+00 7.231591910831029146e+00
-3.242187500000000000e-01 3.303954567618378579e+00 3.626614111463985601e+00 6.750791164361457319e+00
-2.851562500000000000e-01 3.247108150406118554e+00 3.545158493843843850e+00 6.286634675680226714e+00
-2.460937500000000000e-01 3.184348753727836545e+00 3.457199008306569787e+00 5.839659391044183856e+00
-2.070312500000000000e-01 3.115379970264597009e+00 3.362625282493058254e+00 5.410299301117014181e+00
-1.679687500000000000e-01 3.039954876076188306e+00 3.261401870244270196e+00 4.999033280778463428e+00
-1.289062500000000000e-01 2.957890484840790979e+00 3.153580138974630742e+00 4.606065802812918442e+00
-8.984375000000000000e-02 2.869082685066135952e+00 3.039309555551974462e+00 4.231846493988140168e+00
-5.078125000000000000e-02 2.773521338785222667e+00 2.918847773334809492e+00 3.876505336653005340e+00
-1.171875000000000000e-02 2.671304850992575197e+00 2.792568874298064330e+00 3.540163051648982151e+00
2.734375000000000000e-02 2.562653262327398540e+00 2.660969100954003963e+00 3.222950396277756369e+00
6.640625000000000000e-02 2.447918959378265313e+00 2.524668760039248561e+00 2.924744385471113262e+00
1.054687500000000000e-01 2.327595704436074886e+00 2.384413285327437571e+00 2.645491366210794837e+00
1.445312500000000000e-01 2.202319694787020943e+00 2.241062406704322107e+00 2.384922037072743972e+00
1.835937500000000000e-01 2.072870035094621866e+00 2.095583714875240755e+00 2.142728019645813831e+00
2.226562500000000000e-01 1.940160812348556973e+00 1.949035103064908014e+00 1.918530099165490110e+00
2.617187500000000000e-01 1.805227179455977771e+00 1.802543127237837828e+00 1.711865972109803513e+00
3.007812500000000000e-01 1.669205253145507717e+00 1.657278584680231370e+00 1.522124999916745436e+00
3.398437500000000000e-01 1.533305782407525575e+00 1.514425575873505236e+00 1.348665482108295510e+00
3.789062500000000000e-01 1.398781203201010737e+00 1.375149964940650449e+00 1.190807229434039938e+00
4.179687500000000000e-01 1.266890520171241707e+00 1.240565627396228221e+00 1.047769118159614044e+00
4.570312500000000000e-01 1.138859203885581817e+00 1.111700560398654281e+00 9.187327472676671825e-01
4.960937500000000000e-01 1.015839568189140563e+00 9.894665525697315944e-01 8.028541770115423803e-01
5.351562500000000000e-01 8.988725247628033266e-01 8.746314754647286360e-01 6.992431553267807187e-01
5.742187500000000000e-01 7.888533450221721921e-01 7.677979768040038566e-01 6.070217435865791211e-01
6.132812500000000000e-01 6.865035357068972610e-01 6.693890663778452321e-01 5.252964959557602231e-01
6.523437500000000000e-01 5.923510031912389007e-01 5.796417525613810628e-01 4.531908651597841842e-01
6.914062500000000000e-01 5.067194530748032610e-01 4.986090288607564758e-01 3.898315939489387927e-01
7.304687500000000000e-01 4.297273363752504016e-01 4.261701709782291236e-01 3.343975178284894767e-01
7.695312500000000000e-01 3.612979073973536792e-01 3.620472428027073919e-01 2.860858298520014831e-01
8.085937500000000000e-01 3.011776273498290579e-01 3.058298743792474128e-01 2.441478090047927152e-01
8.476562500000000000e-01 2.489603317824065354e-01 2.570007208848664182e-01 2.078685401605791516e-01
8.867187500000000000e-01 2.041185748814966505e-01 2.149655581876488419e-01 1.765999406578215303e-01
9.257812500000000000e-01 1.660365660579280200e-01 1.790824612812838001e-01 1.497356295809879889e-01
9.648437500000000000e-01 1.340438098185197102e-01 1.486895325096385945e-01 1.267259584205616685e-01
1.003906250000000000e+00 1.074463061878527248e-01 1.231293314023028801e-01 1.070743888814506689e-01
1.042968750000000000e+00 8.555452690202881849e-02 1.017689288769468708e-01 9.033306511125618887e-02
1.082031250000000000e+00 6.770605054343982465e-02 8.401527198837423216e-02 7.610782439407685895e-02
1.121093750000000000e+00 5.328284289685941699e-02 6.932577061159116150e-02 6.404333236284534547e-02
1.160156250000000000e+00 4.172305139575153976e-02 5.721448827433961437e-02 5.383472999588190255e-02
1.199218750000000000e+00 3.252769104540548240e-02 4.725449322134396557e-02 4.520894790087984921e-02
1.238281250000000000e+00 2.526274034559440954e-02 3.907694051006451591e-02 3.793339468970085421e-02
1.277343750000000000e+00 1.955756882557393647e-02 3.236762585658864433e-02 3.180454901331195711e-02
1.316406250000000000e+00 1.510083695965647524e-02 2.686221109870978729e-02 2.664874505207297933e-02
1.355468750000000000e+00 1.163493811057225193e-02 2.234067062732479278e-02 2.231517118425779822e-02
1.394531250000000000e+00 8.949637017469893457e-03 1.862159106698319314e-02 1.867665562162088705e-02
1.433593750000000000e+00 6.875523960400913882e-03 1.555654465648991479e-02 1.562374694496305484e-02
1.472656250000000000e+00 5.277496183359759244e-03 1.302472923671763386e-02 1.306407570136758345e-02
1.511718750000000000e+00 4.048598519786063624e-03 1.092803093474658052e-02 1.091913899626290908e-02
1.550781250000000000e+00 3.104772125908557018e-03 9.186928445834531207e-03 9.122957416746162868e-03
1.589843750000000000e+00 2.380442762374194131e-03 7.737101130548460631e-03 7.619463394953312173e-03
1.628906250000000000e+00 1.824805062469425122e-03 6.526551861125420330e-03 6.361164703035749289e-03
1.667968750000000000e+00 1.398590992324173689e-03 5.513184359871779044e-03 5.308507790577210970e-03
1.707031250000000000e+00 1.071696061192949165e-03 4.662821409389950912e-03 4.428077552510797411e-03
1.746093750000000000e+00 8.208152085886527734e-04 3.947560632838289715e-03 3.691524624807101303e-03
1.785156250000000000e+00 6.281343113932090971e-04 3.344640431867194202e-03 3.068011224904694089e-03
1.824218750000000000e+00 4.800647908066470442e-04 2.835456914273992539e-03 2.547445471496212043e-03
1.863281250000000000e+00 3.661952663297159713e-04 2.404712292433325207e-03 2.168431465355409767e-03
1.902343750000000000e+00 2.785647238888893404e-04 2.039745529693311275e-03 1.529171210815057427e-03
1.941406250000000000e+00 2.110446634096281972e-04 1.730060967559518678e-03 1.445711702801871518e-03
1.980468750000000000e+00 1.589364446474881112e-04 1.466940651458279810e-03 1.273972345075439962e-03
