-2.976562500000000000e+00 3.548945069441938216e+01 9.618983400586682819e+01 7.355125649726518589e+01
-2.929687500000000000e+00 3.545979799193818138e+01 9.348202522141254178e+01 7.240154191267951944e+01
-2.882812500000000000e+00 3.542751938273989509e+01 9.083271171180986414e+01 7.124035865412771784e+01
-2.835937500000000000e+00 3.539240095081250104e+01 8.824356660410435893e+01 7.006886108477617370e+01
-2.789062500000000000e+00 3.535420890595512589e+01 8.571572443912955919e+01 6.888809201315245900e+01
-2.742187500000000000e+00 3.531268750047482285e+01 8.324985438173446539e+01 6.769899260090301141e+01
-2.695312500000000000e+00 3.526755670661960806e+01 8.084622487656324097e+01 6.650241172452638239e+01
-2.648437500000000000e+00 3.521850962490975689e+01 7.850476036098589816e+01 6.529911473340965244e+01
-2.601562500000000000e+00 3.516520959076235187e+01 7.622509069197343479e+01 6.408979158476005011e+01
-2.554687500000000000e+00 3.510728694403483274e+01 7.400659396166115300e+01 6.287506436247328878e+01
-2.507812500000000000e+00 3.504433542334267315e+01 7.184843335733219760e+01 6.165549420486641452e+01
-2.460937500000000000e+00 3.497590814460149744e+01 6.974958867854884659e+01 6.043158767794731290e+01
-2.414062500000000000e+00 3.490151312120200089e+01 6.770888307302503506e+01 5.920380263834997692e+01
-2.367187500000000000e+00 3.482060828202957481e+01 6.572500550491083970e+01 5.797255363457984600e+01
-2.320312500000000000e+00 3.473259594346824741e+01 6.379652940685701878e+01 5.673821689782904798e+01
-2.273437500000000000e+00 3.463681669327194612e+01 6.192192792146459368e+01 5.550113497501119753e+01
-2.226562500000000000e+00 3.453254264802885132e+01 6.009958608498347843e+01 5.426162105744079867e+01
-2.179687500000000000e+00 3.441897005337514770e+01 5.832781026546702208e+01 5.301996305906610019e+01
-2.132812500000000000e+00 3.429521120746574780e+01 5.660483512961445030e+01 5.177642749866875249e+01
-2.085937500000000000e+00 3.416028570536254705e+01 5.492882838236540266e+01 5.053126324114506929e+01
-2.039062500000000000e+00 3.401311102617659543e+01 5.329789350170225504e+01 4.928470515401023277e+01
-1.992187500000000000e+00 3.385249251844832230e+01 5.171007067542718261e+01 4.803697773669171767e+01
-1.945312500000000000e+00 3.367711288348310461e+01 5.016333614667749430e+01 4.678829878201204906e+01
-1.898437500000000000e+00 3.348552131571150881e+01 4.865560017481244870e+01 4.553888313149041522e+01
-1.851562500000000000e+00 3.327610572722479532e+01 4.718470384674009921e+01 4.428894658861977973e+01
-1.804687500000000000e+00 3.304716603701366751e+01 4.574841500128474792e+01 4.303871005697111229e+01
-1.757812500000000000e+00 3.279673602381470943e+01 4.434442358422731445e+01 4.178840397260747608e+01
-1.710937500000000000e+00 3.252274258888392211e+01 4.297033682092730089e+01 4.053827310257850769e+01
-1.664062500000000000e+00 3.222291494808467860e+01 4.162367468604574583e+01 3.928858178275068269e+01
-1.617187500000000000e+00 3.189479767947666389e+01 4.030186626533584615e+01 3.803961966842132369e+01
-1.570312500000000000e+00 3.153575118789773413e+01 3.900224774496111024e+01 3.679170806931951176e+01
-1.523437500000000000e+00 3.114295786707451796e+01 3.772206292871545941e+01 3.554520693586925262e+01
-1.476562500000000000e+00 3.071343571317331111e+01 3.645846737053454945e+01 3.430052255490207358e+01
-1.429687500000000000e+00 3.024406142745471016e+01 3.520853741287247374e+01 3.305811599908826537e+01
-1.382812500000000000e+00 2.973160531092862868e+01 3.396928562995744727e+01 3.181851235373621734e+01
-1.335937500000000000e+00 2.917278046363960087e+01 3.273768437142263110e+01 3.058231071564531689e+01
-1.289062500000000000e+00 2.856430891345317846e+01 3.151069926021733281e+01 2.935019491963867111e+01
-1.242187500000000000e+00 2.790300724584776404e+01 3.028533458301021852e+01 2.812294489749615778e+01
-1.195312500000000000e+00 2.718589401522338989e+01 2.905869247352140050e+01 2.690144850968423285e+01
-1.148437500000000000e+00 2.641032059605261040e+01 2.782804756954574898e+01 2.568671361148541976e+01
-1.101562500000000000e+00 2.557412608176254665e+01 2.659093835260778604e+01 2.447988002051771161e+01
-1.054687500000000000e+00 2.467581526506918621e+01 2.534527557930321962e+01 2.328223094743231414e+01
-1.007812500000000000e+00 2.371475656127116594e+01 2.408946701284994418e+01 2.209520332658242125e+01
-9.609375000000000000e-01 2.269139393756785239e+01 2.282255600754758262e+01 2.092039636413799997e+01
-9.140625000000000000e-01 2.160746353775951789e+01 2.154436937177284150e+01 1.975957749048239265e+01
-8.671875000000000000e-01 2.046620191081242979e+01 2.025566738625879637e+01 1.861468479348281235e+01
-8.203125000000000000e-01 1.927252888549219634e+01 1.895828602826420450e+01 1.748782492224719221e+01
-7.734375000000000000e-01 1.803318468280743758e+01 1.765525861618631609e+01 1.638126540967784806e+01
-7.265625000000000000e-01 1.675679850285112948e+01 1.635090164964490356e+01 1.529742038601206922e+01
-6.796875000000000000e-01 1.545386537680679595e+01 1.505084811548432988e+01 1.423882876594276858e+01
-6.328125000000000000e-01 1.413661038354629262e+01 1.376201158661987023e+01 1.320812420819100019e+01
-5.859375000000000000e-01 1.281872510030616752e+01 1.249246667970621161e+01 1.220799648237666091e+01
-5.390625000000000000e-01 1.151497073221485934e+01 1.125123633373651622e+01 1.124114433767641508e+01
-4.921875000000000000e-01 1.024065548256099234e+01 1.004798407392957671e+01 1.031022054075074124e+01
-4.453125000000000000e-01 9.011009316991684059e+00 8.892619578214329579e+00 9.417770408421780814e+00
-3.984375000000000000e-01 7.840495403355267179e+00 7.794837484536782490e+00 8.566165855421470354e+00
-3.515625000000000000e-01 6.742111520640576394e+00 6.763620856298612871e+00 7.757537642358030006e+00
-3.046875000000000000e-01 5.726743667958386297e+00 5.806750002838929170e+00 6.993709063550983984e+00
-2.578125000000000000e-01 4.802635350810013470e+00 4.930362299045480512e+00 6.276134674096510047e+00
-2.109375000000000000e-01 3.975028043145717671e+00 4.138607568642303391e+00 5.605847744697985746e+00
-1.640625000000000000e-01 3.246011293978298351e+00 3.433435763429273813e+00 4.983419898807497361e+00
-1.171875000000000000e-01 2.614597015398970825e+00 2.814539700967016334e+00 4.408935813144023719e+00
-7.031250000000000000e-02 2.077005517079945296e+00 2.279457525979619259e+00 3.881984978221109550e+00
-2.343750000000000000e-02 1.627125619962472181e+00 1.823820397017624773e+00 3.401671394791332848e+00
2.343750000000000000e-02 1.257092244221841071e+00 1.441714095011561003e+00 2.966640838274878789e+00
7.031250000000000000e-02 9.579154153033362373e-01 1.126111756729657243e+00 2.575124092281368071e+00
1.171875000000000000e-01 7.200957262069971332e-01 8.693305089637047844e-01 2.224993471370816156e+00
1.640625000000000000e-01 5.341717131301008115e-01 6.634675985510857243e-01 1.913829141395184452e+00
2.109375000000000000e-01 3.911613376704885514e-01 5.007803620765679531e-01 1.638991275734501318e+00
2.578125000000000000e-01 2.828789598217660295e-01 3.739867204132832912e-01 1.397693996001482919e+00
3.046875000000000000e-01 2.021271466133928441e-01 2.764761477527316602e-01 1.187077302742277851e+00
3.515625000000000000e-01 1.427766899714604798e-01 2.024329120666479298e-01 1.004273750789407726e+00
3.984375000000000000e-01 9.975697491784839277e-02 1.468822506713667597e-01 8.464673674058106334e-01
4.453125000000000000e-01 6.898234049346477215e-02 1.056753975000333801e-01 7.109431485362187608e-01
4.921875000000000000e-01 4.723926988081786349e-02 7.543120341377482219e-02 5.951263019164388934e-01
5.390625000000000000e-01 3.205557069250970781e-02 5.345121880615802401e-02 4.966111567165483742e-01
5.859375000000000000e-01 2.156763355812440358e-02 3.762250175410315062e-02 4.131802741259594791e-01
6.328125000000000000e-01 1.439659233851220237e-02 2.631900703562537955e-02 3.428147447670882864e-01
6.796875000000000000e-01 9.539556330759231886e-03 1.830893872543858103e-02 2.836969437521104087e-01
7.265625000000000000e-01 6.278447869929616558e-03 1.267239168722945376e-02 2.342071474389501584e-01
7.734375000000000000e-01 4.106446451731648323e-03 8.731201397824683852e-03 1.929154238808658550e-01
8.203125000000000000e-01 2.670498950853735041e-03 5.991216053797505242e-03 1.585701231952977852e-01
8.671875000000000000e-01 1.727592601530713928e-03 4.096129636817174083e-03 1.300841462962504247e-01
9.140625000000000000e-01 1.112270479521451898e-03 2.791441831831256628e-03 1.065199889201029620e-01
9.609375000000000000e-01 7.129910220848943020e-04 1.896899166260156318e-03 8.707436552767107429e-02
1.007812500000000000e+00 4.552329108653590715e-04 1.285794354726530093e-03 7.106303136214324467e-02
1.054687500000000000e+00 2.896127296754514267e-04 8.696563262859011937e-04 5.790625179945992768e-02
1.101562500000000000e+00 1.836461537206079487e-04 5.870791414309512683e-04 4.711522235639237222e-02
1.148437500000000000e+00 1.161073944146459136e-04 3.956665912023513186e-04 3.827962268528069256e-02
1.195312500000000000e+00 7.321046248028774818e-05 2.662832270294288105e-04 3.105639321978207260e-02
1.242187500000000000e+00 4.605018795792774019e-05 1.789884021757776403e-04 2.515975171985809430e-02
1.289062500000000000e+00 2.890231129956149204e-05 1.201833172819728144e-04 2.035241571947985287e-02
1.335937500000000000e+00 1.810349815996240071e-05 8.062302133683218010e-05 1.643796235531989197e-02
1.382812500000000000e+00 1.131863869831980737e-05 5.403949984384613198e-05 1.325423584601809722e-02
1.429687500000000000e+00 7.064580820852979513e-06 3.619303673069388240e-05 1.066770187479502453e-02
1.476562500000000000e+00 4.402316511026680313e-06 2.422164273152174307e-05 8.568644606831186256e-03
1.523437500000000000e+00 2.739056204969259072e-06 1.619667664129656375e-05 6.867103816907338919e-03
1.570312500000000000e+00 1.701542750033188020e-06 1.082035776755315020e-05 5.489454852269131518e-03
1.617187500000000000e+00 1.055294605829812871e-06 7.220477474893375783e-06 4.375541577326524413e-03
1.664062500000000000e+00 6.533147709197554474e-07 4.811433483472125809e-06 3.476281090438241000e-03
1.710937500000000000e+00 4.036205463549375950e-07 3.200365996963407007e-06 2.751668221328215386e-03
1.757812500000000000e+00 2.487479792422090464e-07 2.123876167428738170e-06 2.169117190076492226e-03
1.804687500000000000e+00 1.528487311671528446e-07 1.405431105700858556e-06 1.702087030878545945e-03
1.851562500000000000e+00 9.358603494181629732e-08 9.267334620247566547e-07 1.328946154934112752e-03
1.898437500000000000e+00 5.705581618284223838e-08 6.085023231611965492e-07 1.032039358008238726e-03
1.945312500000000000e+00 3.461009064292400604e-08 3.975880215906692902e-07 7.969271863481373419e-04
1.992187500000000000e+00 2.087382428649181378e-08 2.583440828724494481e-07 6.117724135873475397e-04
2.039062500000000000e+00 1.250888082522742357e-08 1.668559621854449100e-07 4.668512907018171712e-04
2.085937500000000000e+00 7.444552634620507479e-09 1.070828136182329006e-07 3.541685653918131486e-04
2.132812500000000000e+00 4.398811486247341969e-09 6.827697207854121031e-08 2.671559009102505208e-04
2.179687500000000000e+00 2.580342643439756936e-09 4.325471414188691320e-08 2.004343303833792229e-04
2.226562500000000000e+00 1.502889138032629560e-09 2.723358931396709088e-08 1.496235254075688388e-04
2.273437500000000000e+00 8.694160409089709096e-10 1.704750496125286087e-08 1.111840251359805210e-04
2.320312500000000000e+00 4.997879053232238869e-10 1.061499654706407874e-08 8.228259748889792601e-05
2.367187500000000000e+00 2.856596598681031139e-10 6.578514267219658252e-09 6.067473764144257892e-05
2.414062500000000000e+00 1.624373618127551047e-10 4.060135930135886199e-09 4.460126228419846508e-05
2.460937500000000000e+00 9.195372886537875004e-11 2.496951285276581881e-09 3.269775567850168925e-05
2.507812500000000000e+00 5.185162982482255720e-11 1.530996836131708242e-09 2.391638605808331106e-05
2.554687500000000000e+00 2.914138288019455855e-11 9.363772829026041782e-10 1.745967689868591684e-05
2.601562500000000000e+00 1.633180666990734963e-11 5.715230588202955768e-10 1.272555065270820753e-05
2.648437500000000000e+00 9.131259381700801978e-12 3.482509443542153739e-10 9.262634546833055851e-06
2.695312500000000000e+00 5.095301060994761623e-12 2.119199824848138199e-10 6.734577784617996673e-06
2.742187500000000000e+00 2.838557345859995828e-12 1.288236889999043098e-10 4.892025479164164002e-06
2.789062500000000000e+00 1.579202272381215122e-12 7.824685807289876512e-11 3.550915162127158606e-06
2.835937500000000000e+00 8.775944796055806554e-13 4.749752746548123770e-11 2.575869954393544042e-06
2.882812500000000000e+00 4.872507647838003387e-13 2.881896830561549266e-11 1.867618804390174021e-06
2.929687500000000000e+00 2.703244816793305327e-13 1.748021332152200945e-11 1.353546690789105850e-06
2.976562500000000000e+00 1.498827209740204220e-13 1.060040897863479184e-11 9.806449572976688781e-07
