2.000000000000000000e+00 1.926458893924410560e-08
3.000000000000000000e+00 1.541969591057431542e-08
4.000000000000000000e+00 1.428290181218655720e-08
5.000000000000000000e+00 1.377665582409251481e-08
6.000000000000000000e+00 1.350381391855855632e-08
7.000000000000000000e+00 1.333908392499505866e-08
8.000000000000000000e+00 1.323176379418538991e-08
9.000000000000000000e+00 1.315795194594186002e-08
1.000000000000000000e+01 1.310506298538665419e-08
1.100000000000000000e+01 1.306594042232301089e-08
1.200000000000000000e+01 1.303624356473818050e-08
1.300000000000000000e+01 1.301322663706778294e-08
1.400000000000000000e+01 1.299507595127854341e-08
1.500000000000000000e+01 1.298056264597812307e-08
1.600000000000000000e+01 1.296882323376347948e-08
1.700000000000000000e+01 1.295924078691786343e-08
1.800000000000000000e+01 1.295136011393724748e-08
1.900000000000000000e+01 1.294484311106112108e-08
2.000000000000000000e+01 1.293943159293934133e-08
2.100000000000000000e+01 1.293492870086800210e-08
2.200000000000000000e+01 1.293118006217983295e-08
2.300000000000000000e+01 1.292806525731627370e-08
2.400000000000000000e+01 1.292548736187883201e-08
2.500000000000000000e+01 1.292336912494670800e-08
2.600000000000000000e+01 1.292164695821920633e-08
2.700000000000000000e+01 1.292026938746506455e-08
2.800000000000000000e+01 1.291919334090762508e-08
2.900000000000000000e+01 1.291838356491518738e-08
3.000000000000000000e+01 1.291781012175365991e-08
3.100000000000000000e+01 1.291744825303188056e-08
3.200000000000000000e+01 1.291727663302072542e-08
3.300000000000000000e+01 1.291727747516682362e-08
3.400000000000000000e+01 1.291743530551623648e-08
3.500000000000000000e+01 1.291773714515029303e-08
3.600000000000000000e+01 1.291817160028218973e-08
3.700000000000000000e+01 1.291872904601608499e-08
3.800000000000000000e+01 1.291940092007138221e-08
3.900000000000000000e+01 1.292017991173929795e-08
4.000000000000000000e+01 1.292105943279148040e-08
4.100000000000000000e+01 1.292203381653340387e-08
4.200000000000000000e+01 1.292309789427181306e-08
4.300000000000000000e+01 1.292424719761937404e-08
4.400000000000000000e+01 1.292547759975774524e-08
4.500000000000000000e+01 1.292678551613902828e-08
4.600000000000000000e+01 1.292816760205788029e-08
4.700000000000000000e+01 1.292962093568272426e-08
4.800000000000000000e+01 1.293114276244709469e-08
4.900000000000000000e+01 1.293273066403692088e-08
5.000000000000000000e+01 1.293438233441464721e-08
5.100000000000000000e+01 1.293609573289392056e-08
5.200000000000000000e+01 1.293786889994635007e-08
5.300000000000000000e+01 1.293970008488231718e-08
5.400000000000000000e+01 1.294158757406644544e-08
5.500000000000000000e+01 1.294352983301155134e-08
5.600000000000000000e+01 1.294552533262721594e-08
5.700000000000000000e+01 1.294757269548180282e-08
5.800000000000000000e+01 1.294967053322554664e-08
5.900000000000000000e+01 1.295181758972388780e-08
6.000000000000000000e+01 1.295401258397748219e-08
6.100000000000000000e+01 1.295625434682946256e-08
6.200000000000000000e+01 1.295854168733820236e-08
6.300000000000000000e+01 1.296087350822508905e-08
6.400000000000000000e+01 1.296324868602822450e-08
6.500000000000000000e+01 1.296566618704304577e-08
6.600000000000000000e+01 1.296812494417751208e-08
6.700000000000000000e+01 1.297062396777973033e-08
6.800000000000000000e+01 1.297316223880228006e-08
6.900000000000000000e+01 1.297573879487911605e-08
7.000000000000000000e+01 1.297835265197518113e-08
7.100000000000000000e+01 1.298100286977969565e-08
7.200000000000000000e+01 1.298368849822445413e-08
7.300000000000000000e+01 1.298640861281900738e-08
7.400000000000000000e+01 1.298916228236669491e-08
7.500000000000000000e+01 1.299194859687081706e-08
7.600000000000000000e+01 1.299476664529533991e-08
7.700000000000000000e+01 1.299761553013748174e-08
7.800000000000000000e+01 1.300049436273990346e-08
7.900000000000000000e+01 1.300340225751543123e-08
8.000000000000000000e+01 1.300633834521096368e-08
8.100000000000000000e+01 1.300930175633152525e-08
8.200000000000000000e+01 1.301229163980734200e-08
8.300000000000000000e+01 1.301530713849670417e-08
8.400000000000000000e+01 1.301834742435229756e-08
8.500000000000000000e+01 1.302141165004514185e-08
8.600000000000000000e+01 1.302449901255259478e-08
8.700000000000000000e+01 1.302760867731564895e-08
8.800000000000000000e+01 1.303073986562000717e-08
8.900000000000000000e+01 1.303389175641092323e-08
9.000000000000000000e+01 1.303706359577489375e-08
9.100000000000000000e+01 1.304025458094481402e-08
9.200000000000000000e+01 1.304346398094663780e-08
9.300000000000000000e+01 1.304669101176956919e-08
9.400000000000000000e+01 1.304993497044152156e-08
9.500000000000000000e+01 1.305319509331775920e-08
9.600000000000000000e+01 1.305647070571020221e-08
9.700000000000000000e+01 1.305976106546894904e-08
9.800000000000000000e+01 1.306306552710775285e-08
9.900000000000000000e+01 1.306638337191490289e-08
1.000000000000000000e+02 1.306971398875110506e-08
1.010000000000000000e+02 1.307305668081788562e-08
1.020000000000000000e+02 1.307641087064102845e-08
1.030000000000000000e+02 1.307977588808273450e-08
1.040000000000000000e+02 1.308315119339654667e-08
1.050000000000000000e+02 1.308653614685193276e-08
1.060000000000000000e+02 1.308993024366434429e-08
1.070000000000000000e+02 1.309333286864517336e-08
1.080000000000000000e+02 1.309674356179337693e-08
1.090000000000000000e+02 1.310016173888325434e-08
1.100000000000000000e+02 1.310358697346101693e-08
1.110000000000000000e+02 1.310701872121153358e-08
1.120000000000000000e+02 1.311045659241733416e-08
1.130000000000000000e+02 1.311390008130704206e-08
1.140000000000000000e+02 1.311734883785722233e-08
1.150000000000000000e+02 1.312080239131630793e-08
1.160000000000000000e+02 1.312426043347103222e-08
1.170000000000000000e+02 1.312772253286928330e-08
1.180000000000000000e+02 1.313118842553302478e-08
1.190000000000000000e+02 1.313465771635805899e-08
1.200000000000000000e+02 1.313813018296893028e-08
1.210000000000000000e+02 1.314160547090909792e-08
1.220000000000000000e+02 1.314508340461045794e-08
1.230000000000000000e+02 1.314856366680016383e-08
1.240000000000000000e+02 1.315204612849559526e-08
1.250000000000000000e+02 1.315553051005364717e-08
1.260000000000000000e+02 1.315901673255093777e-08
1.270000000000000000e+02 1.316250455284117866e-08
1.280000000000000000e+02 1.316599393932605720e-08
1.290000000000000000e+02 1.316948469064136721e-08
1.300000000000000000e+02 1.317297682115804008e-08
1.310000000000000000e+02 1.317647017435245050e-08
1.320000000000000000e+02 1.317996481016847164e-08
1.330000000000000000e+02 1.318346061210728636e-08
1.340000000000000000e+02 1.318695768116358931e-08
1.350000000000000000e+02 1.319045594390775845e-08
1.360000000000000000e+02 1.319395555320299929e-08
1.370000000000000000e+02 1.319745647406743343e-08
1.380000000000000000e+02 1.320095890315081237e-08
1.390000000000000000e+02 1.320446284716434193e-08
1.400000000000000000e+02 1.320796854611296642e-08
1.410000000000000000e+02 1.321147604822223040e-08
1.420000000000000000e+02 1.321498564311043164e-08
1.430000000000000000e+02 1.321849741365947768e-08
1.440000000000000000e+02 1.322201169121439027e-08
1.450000000000000000e+02 1.322552860042567283e-08
1.460000000000000000e+02 1.322904851350976964e-08
1.470000000000000000e+02 1.323257159631129149e-08
1.480000000000000000e+02 1.323609826281782956e-08
1.490000000000000000e+02 1.323962871277182304e-08
1.500000000000000000e+02 1.324316340197570667e-08
1.510000000000000000e+02 1.324670256680550565e-08
1.520000000000000000e+02 1.325024670466360170e-08
1.530000000000000000e+02 1.325379608923912167e-08
1.540000000000000000e+02 1.325735125277258649e-08
1.550000000000000000e+02 1.326091250347068342e-08
1.560000000000000000e+02 1.326448041441768839e-08
1.570000000000000000e+02 1.326805532542992210e-08
1.580000000000000000e+02 1.327163784481184464e-08
1.590000000000000000e+02 1.327522834428051318e-08
1.600000000000000000e+02 1.327882746500250669e-08
1.610000000000000000e+02 1.328243561289394346e-08
1.620000000000000000e+02 1.328605346334107198e-08
1.630000000000000000e+02 1.328968144893230216e-08
1.640000000000000000e+02 1.329332027729609895e-08
1.650000000000000000e+02 1.329697040906047524e-08
1.660000000000000000e+02 1.330063258246823263e-08
1.670000000000000000e+02 1.330430728228764928e-08
1.680000000000000000e+02 1.330799527809797720e-08
1.690000000000000000e+02 1.331169707776343770e-08
1.700000000000000000e+02 1.331541347811753568e-08
1.710000000000000000e+02 1.331914500924270102e-08
1.720000000000000000e+02 1.332289249237680280e-08
1.730000000000000000e+02 1.332665648015382003e-08
1.740000000000000000e+02 1.333043781845107570e-08
1.750000000000000000e+02 1.333423707772685006e-08
1.760000000000000000e+02 1.333805512429515924e-08
1.770000000000000000e+02 1.334189254702878969e-08
1.780000000000000000e+02 1.334575023293757824e-08
1.790000000000000000e+02 1.334962878492156406e-08
1.800000000000000000e+02 1.335352910861670448e-08
1.810000000000000000e+02 1.335745182125622417e-08
1.820000000000000000e+02 1.336139784441679549e-08
1.830000000000000000e+02 1.336536780588110759e-08
1.840000000000000000e+02 1.336936264287701152e-08
1.850000000000000000e+02 1.337338299345796224e-08
1.860000000000000000e+02 1.337742980694400188e-08
1.870000000000000000e+02 1.338150372934211062e-08
1.880000000000000000e+02 1.338560572133093983e-08
1.890000000000000000e+02 1.338973643497320438e-08
1.900000000000000000e+02 1.339389683990647257e-08
1.910000000000000000e+02 1.339808759248793286e-08
1.920000000000000000e+02 1.340230966986984291e-08
1.930000000000000000e+02 1.340656373106584036e-08
1.940000000000000000e+02 1.341085075892375318e-08
1.950000000000000000e+02 1.341517141300835289e-08
1.960000000000000000e+02 1.341952667998830737e-08
1.970000000000000000e+02 1.342391721882541483e-08
1.980000000000000000e+02 1.342834401819583936e-08
1.990000000000000000e+02 1.343280773436049220e-08
2.000000000000000000e+02 1.343730935607311208e-08
2.010000000000000000e+02 1.344184953551458819e-08
2.020000000000000000e+02 1.344642926026146215e-08
2.030000000000000000e+02 1.345104917614845047e-08
2.040000000000000000e+02 1.345571026771491420e-08
2.050000000000000000e+02 1.346041317330174529e-08
2.060000000000000000e+02 1.346515887272508861e-08
2.070000000000000000e+02 1.346994799505668840e-08
2.080000000000000000e+02 1.347478151383525721e-08
2.090000000000000000e+02 1.347966004744700855e-08
2.100000000000000000e+02 1.348458456145984332e-08
2.110000000000000000e+02 1.348955566191429777e-08
2.120000000000000000e+02 1.349457430518686187e-08
2.130000000000000000e+02 1.349964108330765226e-08
2.140000000000000000e+02 1.350475694179363075e-08
2.150000000000000000e+02 1.350992245802474627e-08
2.160000000000000000e+02 1.351513856442198919e-08
2.170000000000000000e+02 1.352040582143750387e-08
2.180000000000000000e+02 1.352572514920831111e-08
2.190000000000000000e+02 1.353109709008192252e-08
2.200000000000000000e+02 1.353652254913463662e-08
2.210000000000000000e+02 1.354200204917096279e-08
2.220000000000000000e+02 1.354753647911057050e-08
2.230000000000000000e+02 1.355312634161553890e-08
2.240000000000000000e+02 1.355877250776263125e-08
2.250000000000000000e+02 1.356447545881303545e-08
2.260000000000000000e+02 1.357023604786419655e-08
2.270000000000000000e+02 1.357605473350642756e-08
2.280000000000000000e+02 1.358193234831423030e-08
2.290000000000000000e+02 1.358786932617792746e-08
2.300000000000000000e+02 1.359386648077599628e-08
2.310000000000000000e+02 1.359992422190180041e-08
2.320000000000000000e+02 1.360604334215942063e-08
2.330000000000000000e+02 1.361222422375597378e-08
2.340000000000000000e+02 1.361846763738814522e-08
2.350000000000000000e+02 1.362477393816646118e-08
2.360000000000000000e+02 1.363114387270367769e-08
2.370000000000000000e+02 1.363757776946827110e-08
2.380000000000000000e+02 1.364407635141262924e-08
2.390000000000000000e+02 1.365063991812255972e-08
2.400000000000000000e+02 1.365726916790388106e-08
2.410000000000000000e+02 1.366396437191207086e-08
2.420000000000000000e+02 1.367072620405633576e-08
2.430000000000000000e+02 1.367755490490307223e-08
2.440000000000000000e+02 1.368445112064738780e-08
2.450000000000000000e+02 1.369141506267975807e-08
2.460000000000000000e+02 1.369844735101044823e-08
2.470000000000000000e+02 1.370554816545218003e-08
2.480000000000000000e+02 1.371271809883136046e-08
2.490000000000000000e+02 1.371995729965136593e-08
2.500000000000000000e+02 1.372726633350831233e-08
2.510000000000000000e+02 1.373464531661710857e-08
2.520000000000000000e+02 1.374209478764324879e-08
2.530000000000000000e+02 1.374961483045772024e-08
2.540000000000000000e+02 1.375720595439230491e-08
2.550000000000000000e+02 1.376486821105409315e-08
2.560000000000000000e+02 1.377260208266795313e-08
2.570000000000000000e+02 1.378040758722350975e-08
2.580000000000000000e+02 1.378828517887196655e-08
2.590000000000000000e+02 1.379623484300437094e-08
2.600000000000000000e+02 1.380425700423087656e-08
2.610000000000000000e+02 1.381235161522121625e-08
2.620000000000000000e+02 1.382051907114741816e-08
2.630000000000000000e+02 1.382875929173772331e-08
2.640000000000000000e+02 1.383707264340286330e-08
2.650000000000000000e+02 1.384545901267881926e-08
2.660000000000000000e+02 1.385391873701917136e-08
2.670000000000000000e+02 1.386245166952625633e-08
2.680000000000000000e+02 1.387105811930396285e-08
2.690000000000000000e+02 1.387973790624845952e-08
2.700000000000000000e+02 1.388849131131217080e-08
2.710000000000000000e+02 1.389731812083803037e-08
2.720000000000000000e+02 1.390621858797136365e-08
2.730000000000000000e+02 1.391519246582247801e-08
2.740000000000000000e+02 1.392423997836982078e-08
2.750000000000000000e+02 1.393336084762416007e-08
2.760000000000000000e+02 1.394255527004413888e-08
2.770000000000000000e+02 1.395182293512174098e-08
2.780000000000000000e+02 1.396116401106601503e-08
2.790000000000000000e+02 1.397057815462274371e-08
2.800000000000000000e+02 1.398006550787587892e-08
2.810000000000000000e+02 1.398962569546054993e-08
2.820000000000000000e+02 1.399925883425586189e-08
2.830000000000000000e+02 1.400896451662313261e-08
2.840000000000000000e+02 1.401874283346855516e-08
2.850000000000000000e+02 1.402859334652620671e-08
2.860000000000000000e+02 1.403851612171981118e-08
2.870000000000000000e+02 1.404851068919857809e-08
2.880000000000000000e+02 1.405857709072224089e-08
2.890000000000000000e+02 1.406871482557439814e-08
2.900000000000000000e+02 1.407892391160015470e-08
2.910000000000000000e+02 1.408920382051816720e-08
2.920000000000000000e+02 1.409955454235150919e-08
2.930000000000000000e+02 1.410997552199059237e-08
2.940000000000000000e+02 1.412046673112309399e-08
2.950000000000000000e+02 1.413102758196104188e-08
2.960000000000000000e+02 1.414165802187446408e-08
2.970000000000000000e+02 1.415235744160200968e-08
2.980000000000000000e+02 1.416312576829801142e-08
2.990000000000000000e+02 1.417396236546717777e-08
3.000000000000000000e+02 1.418486713354830816e-08
3.010000000000000000e+02 1.419583941887184141e-08
3.020000000000000000e+02 1.420687910086560210e-08
3.030000000000000000e+02 1.421798550237707456e-08
3.040000000000000000e+02 1.422915847989035138e-08
3.050000000000000000e+02 1.424039733172111890e-08
3.060000000000000000e+02 1.425170189846438396e-08
3.070000000000000000e+02 1.426307145575866981e-08
3.080000000000000000e+02 1.427450582801033904e-08
3.090000000000000000e+02 1.428600426919891351e-08
3.100000000000000000e+02 1.429756657981771705e-08
3.110000000000000000e+02 1.430919200385088403e-08
3.120000000000000000e+02 1.432088032545359770e-08
3.130000000000000000e+02 1.433263076085174667e-08
3.140000000000000000e+02 1.434444308539319135e-08
3.150000000000000000e+02 1.435631649485863867e-08
3.160000000000000000e+02 1.436825075422362197e-08
3.170000000000000000e+02 1.438024504586901527e-08
3.180000000000000000e+02 1.439229911598217349e-08
3.190000000000000000e+02 1.440441213182073834e-08
3.200000000000000000e+02 1.441658382830619236e-08
3.210000000000000000e+02 1.442881335646484224e-08
3.220000000000000000e+02 1.444110044701615919e-08
3.230000000000000000e+02 1.445344424119695428e-08
3.240000000000000000e+02 1.446584445747746906e-08
3.250000000000000000e+02 1.447830021043410629e-08
3.260000000000000000e+02 1.449081122073969094e-08
3.270000000000000000e+02 1.450337659865321613e-08
3.280000000000000000e+02 1.451599605035587326e-08
3.290000000000000000e+02 1.452866868139739214e-08
3.300000000000000000e+02 1.454139418241791302e-08
3.310000000000000000e+02 1.455417165311885153e-08
3.320000000000000000e+02 1.456700079073592217e-08
3.330000000000000000e+02 1.457988068007029137e-08
3.340000000000000000e+02 1.459281101730001401e-08
3.350000000000000000e+02 1.460579087924139108e-08
3.360000000000000000e+02 1.461881995890169896e-08
3.370000000000000000e+02 1.463189733235867719e-08
3.380000000000000000e+02 1.464502268892879836e-08
3.390000000000000000e+02 1.465819510260036695e-08
3.400000000000000000e+02 1.467141426585640550e-08
3.410000000000000000e+02 1.468467924962467007e-08
3.420000000000000000e+02 1.469798974930238188e-08
3.430000000000000000e+02 1.471134482444165772e-08
3.440000000000000000e+02 1.472474418713884432e-08
3.450000000000000000e+02 1.473818689230822388e-08
3.460000000000000000e+02 1.475167265290600896e-08
3.470000000000000000e+02 1.476520052670335845e-08
3.480000000000000000e+02 1.477877023339213227e-08
3.490000000000000000e+02 1.479238083900730982e-08
3.500000000000000000e+02 1.480603207073720272e-08
3.510000000000000000e+02 1.481972299478962148e-08
3.520000000000000000e+02 1.483345335246862389e-08
3.530000000000000000e+02 1.484722220937864019e-08
3.540000000000000000e+02 1.486102932027605228e-08
3.550000000000000000e+02 1.487487375762306274e-08
3.560000000000000000e+02 1.488875527466968313e-08
3.570000000000000000e+02 1.490267295702893944e-08
3.580000000000000000e+02 1.491662657668705322e-08
3.590000000000000000e+02 1.493061521803929997e-08
3.600000000000000000e+02 1.494463867074934320e-08
3.610000000000000000e+02 1.495869603217313452e-08
3.620000000000000000e+02 1.497278710253856214e-08
3.630000000000000000e+02 1.498691099127566508e-08
3.640000000000000000e+02 1.500106750970188209e-08
3.650000000000000000e+02 1.501525577771334350e-08
3.660000000000000000e+02 1.502947563112546428e-08
3.670000000000000000e+02 1.504372620069543488e-08
3.680000000000000000e+02 1.505800733887663076e-08
3.690000000000000000e+02 1.507231819477151022e-08
3.700000000000000000e+02 1.508665863643974954e-08
3.710000000000000000e+02 1.510102782491102354e-08
3.720000000000000000e+02 1.511542565034502783e-08
3.730000000000000000e+02 1.512985129102229224e-08
3.740000000000000000e+02 1.514430466050971199e-08
3.750000000000000000e+02 1.515878494108618630e-08
3.760000000000000000e+02 1.517329207565318449e-08
3.770000000000000000e+02 1.518782526990473308e-08
3.780000000000000000e+02 1.520238447666839596e-08
3.790000000000000000e+02 1.521696892488693465e-08
3.800000000000000000e+02 1.523157859635882871e-08
3.810000000000000000e+02 1.524621274289911484e-08
3.820000000000000000e+02 1.526087136968977517e-08
3.830000000000000000e+02 1.527555373899612530e-08
3.840000000000000000e+02 1.529025988574736874e-08
3.850000000000000000e+02 1.530498909494513094e-08
3.860000000000000000e+02 1.531974143132858011e-08
3.870000000000000000e+02 1.533451619692189150e-08
3.880000000000000000e+02 1.534931348019113497e-08
3.890000000000000000e+02 1.536413261248061065e-08
3.900000000000000000e+02 1.537897371265002496e-08
3.910000000000000000e+02 1.539383612344449665e-08
3.920000000000000000e+02 1.540871998832113218e-08
3.930000000000000000e+02 1.542362467973258688e-08
3.940000000000000000e+02 1.543855037196636837e-08
3.950000000000000000e+02 1.545349645476587694e-08
3.960000000000000000e+02 1.546846313440695841e-08
3.970000000000000000e+02 1.548344982392623713e-08
3.980000000000000000e+02 1.549845676229809789e-08
3.990000000000000000e+02 1.551348338011573274e-08
4.000000000000000000e+02 1.552852994884995541e-08
4.010000000000000000e+02 1.554359592996641629e-08
4.020000000000000000e+02 1.555868162144953607e-08
4.030000000000000000e+02 1.557378650420140994e-08
4.040000000000000000e+02 1.558891090940472713e-08
4.050000000000000000e+02 1.560405434324291899e-08
4.060000000000000000e+02 1.561921717641419770e-08
4.070000000000000000e+02 1.563439893611165094e-08
4.080000000000000000e+02 1.564960001469504496e-08
4.090000000000000000e+02 1.566481996752896931e-08
4.100000000000000000e+02 1.568005922045173075e-08
4.110000000000000000e+02 1.569531735668474796e-08
4.120000000000000000e+02 1.571059483110861913e-08
4.130000000000000000e+02 1.572589124944284811e-08
4.140000000000000000e+02 1.574120710271145832e-08
4.150000000000000000e+02 1.575654201902858490e-08
4.160000000000000000e+02 1.577189652031001272e-08
4.170000000000000000e+02 1.578727025879670381e-08
4.180000000000000000e+02 1.580266378211574767e-08
4.190000000000000000e+02 1.581807677221927918e-08
4.200000000000000000e+02 1.583350981460745767e-08
4.210000000000000000e+02 1.584896260490480036e-08
4.220000000000000000e+02 1.586443575660088615e-08
4.230000000000000000e+02 1.587992899565438460e-08
4.240000000000000000e+02 1.589544297031040000e-08
4.250000000000000000e+02 1.591097742630426282e-08
4.260000000000000000e+02 1.592653304135174909e-08
4.270000000000000000e+02 1.594210958856668967e-08
4.280000000000000000e+02 1.595770777531728044e-08
4.290000000000000000e+02 1.597332739173865470e-08
4.300000000000000000e+02 1.598896918138064935e-08
4.310000000000000000e+02 1.600463295191808428e-08
4.320000000000000000e+02 1.602031947315381827e-08
4.330000000000000000e+02 1.603602858236906345e-08
4.340000000000000000e+02 1.605176107624155171e-08
4.350000000000000000e+02 1.606751680648196612e-08
4.360000000000000000e+02 1.608329659754308274e-08
4.370000000000000000e+02 1.609910032180707959e-08
4.380000000000000000e+02 1.611492882652920046e-08
4.390000000000000000e+02 1.613078201072350393e-08
4.400000000000000000e+02 1.614666075132480501e-08
4.410000000000000000e+02 1.616256495900476424e-08
4.420000000000000000e+02 1.617849553639148858e-08
4.430000000000000000e+02 1.619445241113845802e-08
4.440000000000000000e+02 1.621043651762049825e-08
4.450000000000000000e+02 1.622644779633516933e-08
4.460000000000000000e+02 1.624248720916164459e-08
4.470000000000000000e+02 1.625855471131920125e-08
4.480000000000000000e+02 1.627465128172720126e-08
4.490000000000000000e+02 1.629077690118340109e-08
4.500000000000000000e+02 1.630693257220615245e-08
4.510000000000000000e+02 1.632311828191718956e-08
4.520000000000000000e+02 1.633933505176679495e-08
4.530000000000000000e+02 1.635558289146568850e-08
4.540000000000000000e+02 1.637186284232419347e-08
4.550000000000000000e+02 1.638817492735215507e-08
4.560000000000000000e+02 1.640452020905042420e-08
4.570000000000000000e+02 1.642089871910874671e-08
4.580000000000000000e+02 1.643731153746003399e-08
4.590000000000000000e+02 1.645375871005782851e-08
4.600000000000000000e+02 1.647024133547964961e-08
4.610000000000000000e+02 1.648675946448948547e-08
4.620000000000000000e+02 1.650331421551900332e-08
4.630000000000000000e+02 1.651990564523172950e-08
4.640000000000000000e+02 1.653653489216525634e-08
4.650000000000000000e+02 1.655320202009594031e-08
4.660000000000000000e+02 1.656990817866659775e-08
4.670000000000000000e+02 1.658665344453798855e-08
4.680000000000000000e+02 1.660343898458861354e-08
4.690000000000000000e+02 1.662026487418782502e-08
4.700000000000000000e+02 1.663713229793058221e-08
4.710000000000000000e+02 1.665404133629974224e-08
4.720000000000000000e+02 1.667099318266820573e-08
4.730000000000000000e+02 1.668798792326005220e-08
4.740000000000000000e+02 1.670502676117194515e-08
4.750000000000000000e+02 1.672210978450860554e-08
4.760000000000000000e+02 1.673923820693749600e-08
4.770000000000000000e+02 1.675641211886729689e-08
4.780000000000000000e+02 1.677363274103230973e-08
4.790000000000000000e+02 1.679090016195077962e-08
4.800000000000000000e+02 1.680821560995478111e-08
4.810000000000000000e+02 1.682557917241286097e-08
4.820000000000000000e+02 1.684299209104130952e-08
4.830000000000000000e+02 1.686045445259104421e-08
4.840000000000000000e+02 1.687796749938998595e-08
4.850000000000000000e+02 1.689553131293249808e-08
4.860000000000000000e+02 1.691314714197515731e-08
4.870000000000000000e+02 1.693081506179917819e-08
4.880000000000000000e+02 1.694853632844648105e-08
4.890000000000000000e+02 1.696631101105031678e-08
4.900000000000000000e+02 1.698414037048366805e-08
4.910000000000000000e+02 1.700202446664504874e-08
4.920000000000000000e+02 1.701996456248615303e-08
4.930000000000000000e+02 1.703796070919560390e-08
4.940000000000000000e+02 1.705601417629621829e-08
4.950000000000000000e+02 1.707412500294776535e-08
4.960000000000000000e+02 1.709229445797061694e-08
4.970000000000000000e+02 1.711052257075609834e-08
4.980000000000000000e+02 1.712881060751554457e-08
4.990000000000000000e+02 1.714715859057388869e-08
5.000000000000000000e+02 1.716556778311835297e-08
5.010000000000000000e+02 1.718403819513770248e-08
5.020000000000000000e+02 1.720257108839438719e-08
5.030000000000000000e+02 1.722116645727572857e-08
5.040000000000000000e+02 1.723982556217221815e-08
5.050000000000000000e+02 1.725854838479993837e-08
5.060000000000000000e+02 1.727733618295470048e-08
5.070000000000000000e+02 1.729618891952175080e-08
5.080000000000000000e+02 1.731510784955384723e-08
5.090000000000000000e+02 1.733409291713865925e-08
5.100000000000000000e+02 1.735314537183206820e-08
5.110000000000000000e+02 1.737226514097009207e-08
5.120000000000000000e+02 1.739145346895446635e-08
5.130000000000000000e+02 1.741071026525638751e-08
5.140000000000000000e+02 1.743003676699590356e-08
5.150000000000000000e+02 1.744943286454993107e-08
5.160000000000000000e+02 1.746889978728162190e-08
5.170000000000000000e+02 1.748843740574156449e-08
5.180000000000000000e+02 1.750804694128992505e-08
5.190000000000000000e+02 1.752772824431412268e-08
5.200000000000000000e+02 1.754748252672237890e-08
5.210000000000000000e+02 1.756730961788616989e-08
5.220000000000000000e+02 1.758721072077999782e-08
5.230000000000000000e+02 1.760718564199517524e-08
5.240000000000000000e+02 1.762723557443776188e-08
5.250000000000000000e+02 1.764736030189403830e-08
5.260000000000000000e+02 1.766756100666599591e-08
5.270000000000000000e+02 1.768783744969251175e-08
5.280000000000000000e+02 1.770819080188732515e-08
5.290000000000000000e+02 1.772862080049075404e-08
5.300000000000000000e+02 1.774912860489845137e-08
5.310000000000000000e+02 1.776971392750335113e-08
5.320000000000000000e+02 1.779037791623099639e-08
5.330000000000000000e+02 1.781112025845107859e-08
5.340000000000000000e+02 1.783194208916280921e-08
5.350000000000000000e+02 1.785284307067236670e-08
5.360000000000000000e+02 1.787382432468445618e-08
5.370000000000000000e+02 1.789488548826584479e-08
5.380000000000000000e+02 1.791602766905590152e-08
5.390000000000000000e+02 1.793725047873404592e-08
5.400000000000000000e+02 1.795855501049790066e-08
5.410000000000000000e+02 1.797994084957873151e-08
5.420000000000000000e+02 1.800140907535691964e-08
5.430000000000000000e+02 1.802295924594010795e-08
5.440000000000000000e+02 1.804459242646231468e-08
5.450000000000000000e+02 1.806630814781910116e-08
5.460000000000000000e+02 1.808810746001647719e-08
5.470000000000000000e+02 1.810998986721580795e-08
5.480000000000000000e+02 1.813195640466361700e-08
5.490000000000000000e+02 1.815400654718915052e-08
5.500000000000000000e+02 1.817614131524679536e-08
5.510000000000000000e+02 1.819836015767565381e-08
5.520000000000000000e+02 1.822066407907420850e-08
5.530000000000000000e+02 1.824305250036927179e-08
5.540000000000000000e+02 1.826552641380302142e-08
5.550000000000000000e+02 1.828808521099024131e-08
5.560000000000000000e+02 1.831072986578430187e-08
5.570000000000000000e+02 1.833345974348939996e-08
5.580000000000000000e+02 1.835627580362474610e-08
5.590000000000000000e+02 1.837917738199679014e-08
5.600000000000000000e+02 1.840216542343957024e-08
5.610000000000000000e+02 1.842523923669999343e-08
5.620000000000000000e+02 1.844839975154096968e-08
5.630000000000000000e+02 1.847164624866557119e-08
5.640000000000000000e+02 1.849497963960620311e-08
5.650000000000000000e+02 1.851839918403431137e-08
5.660000000000000000e+02 1.854190577663630803e-08
5.670000000000000000e+02 1.856549864379485048e-08
5.680000000000000000e+02 1.858917867154111666e-08
5.690000000000000000e+02 1.861294505996085517e-08
5.700000000000000000e+02 1.863679867739514281e-08
5.710000000000000000e+02 1.866073869669204375e-08
5.720000000000000000e+02 1.868476597208690578e-08
5.730000000000000000e+02 1.870887964841054713e-08
5.740000000000000000e+02 1.873308056868497913e-08
5.750000000000000000e+02 1.875736785265726091e-08
5.760000000000000000e+02 1.878174232751871206e-08
5.770000000000000000e+02 1.880620308689397502e-08
5.780000000000000000e+02 1.883075094567484218e-08
5.790000000000000000e+02 1.885538497022238078e-08
5.800000000000000000e+02 1.888010596187580311e-08
5.810000000000000000e+02 1.890491296321962080e-08
5.820000000000000000e+02 1.892980676514826961e-08
5.830000000000000000e+02 1.895478638512402827e-08
5.840000000000000000e+02 1.897985260340478249e-08
5.850000000000000000e+02 1.900500440658315845e-08
5.860000000000000000e+02 1.903024256745740800e-08
5.870000000000000000e+02 1.905556605332833343e-08
5.880000000000000000e+02 1.908097562422710380e-08
5.890000000000000000e+02 1.910647021892808295e-08
5.900000000000000000e+02 1.913205059155750857e-08
5.910000000000000000e+02 1.915771565594739030e-08
5.920000000000000000e+02 1.918346615523537431e-08
5.930000000000000000e+02 1.920930098476050762e-08
5.940000000000000000e+02 1.923522088040557273e-08
5.950000000000000000e+02 1.926122471348870195e-08
5.960000000000000000e+02 1.928731321596376179e-08
5.970000000000000000e+02 1.931348522979848486e-08
5.980000000000000000e+02 1.933974148188942489e-08
5.990000000000000000e+02 1.936608079595893695e-08
6.000000000000000000e+02 1.939250389283324036e-08
6.010000000000000000e+02 1.941900957334332039e-08
6.020000000000000000e+02 1.944559855486577858e-08
6.030000000000000000e+02 1.947226962222060293e-08
6.040000000000000000e+02 1.949902348421806623e-08
6.050000000000000000e+02 1.952585890482367261e-08
6.060000000000000000e+02 1.955277659550815918e-08
6.070000000000000000e+02 1.957977530209592030e-08
6.080000000000000000e+02 1.960685572972092049e-08
6.090000000000000000e+02 1.963401660505313484e-08
6.100000000000000000e+02 1.966125863402643139e-08
6.110000000000000000e+02 1.968858052704232632e-08
6.120000000000000000e+02 1.971598299033244623e-08
6.130000000000000000e+02 1.974346472006914642e-08
6.140000000000000000e+02 1.977102642585710409e-08
6.150000000000000000e+02 1.979866678588062629e-08
6.160000000000000000e+02 1.982638650715487484e-08
6.170000000000000000e+02 1.985418425732209721e-08
6.180000000000000000e+02 1.988206074821219565e-08
6.190000000000000000e+02 1.991001462699155087e-08
6.200000000000000000e+02 1.993804661340161754e-08
6.210000000000000000e+02 1.996615534581104882e-08
6.220000000000000000e+02 1.999434154294316578e-08
6.230000000000000000e+02 2.002260382900756257e-08
6.240000000000000000e+02 2.005094293306713924e-08
6.250000000000000000e+02 2.007935746872740509e-08
6.260000000000000000e+02 2.010784816600641886e-08
6.270000000000000000e+02 2.013641363070071772e-08
6.280000000000000000e+02 2.016505460536277382e-08
6.290000000000000000e+02 2.019376968714174513e-08
6.300000000000000000e+02 2.022255962268856537e-08
6.310000000000000000e+02 2.025142299925336659e-08
6.320000000000000000e+02 2.028036057484512267e-08
6.330000000000000000e+02 2.030937093378446581e-08
6.340000000000000000e+02 2.033845484098976985e-08
6.350000000000000000e+02 2.036761087281722795e-08
6.360000000000000000e+02 2.039683981281704695e-08
6.370000000000000000e+02 2.042614022808869987e-08
6.380000000000000000e+02 2.045551291279049520e-08
6.390000000000000000e+02 2.048495643198545347e-08
6.400000000000000000e+02 2.051447159322110504e-08
6.410000000000000000e+02 2.054405695490519690e-08
6.420000000000000000e+02 2.057371334539845041e-08
6.430000000000000000e+02 2.060343932011601540e-08
6.440000000000000000e+02 2.063323571976505480e-08
6.450000000000000000e+02 2.066310109620748800e-08
6.460000000000000000e+02 2.069303631339502078e-08
6.470000000000000000e+02 2.072303992323311202e-08
6.480000000000000000e+02 2.075311280491316515e-08
6.490000000000000000e+02 2.078325350952304713e-08
6.500000000000000000e+02 2.081346293861062657e-08
6.510000000000000000e+02 2.084373964635868986e-08
6.520000000000000000e+02 2.087408455238928323e-08
6.530000000000000000e+02 2.090449620931331168e-08
6.540000000000000000e+02 2.093497555888557729e-08
6.550000000000000000e+02 2.096552115956849047e-08
6.560000000000000000e+02 2.099613397469325411e-08
6.570000000000000000e+02 2.102681256433492016e-08
6.580000000000000000e+02 2.105755791282196328e-08
6.590000000000000000e+02 2.108836858198882211e-08
6.600000000000000000e+02 2.111924558049001973e-08
6.610000000000000000e+02 2.115018747980358729e-08
6.620000000000000000e+02 2.118119531226939195e-08
6.630000000000000000e+02 2.121226765118039839e-08
6.640000000000000000e+02 2.124340555269894784e-08
6.650000000000000000e+02 2.127460759924655186e-08
6.660000000000000000e+02 2.130587487523782608e-08
6.670000000000000000e+02 2.133720596749958792e-08
6.680000000000000000e+02 2.136860198862756011e-08
6.690000000000000000e+02 2.140006152954210489e-08
6.700000000000000000e+02 2.143158573132088442e-08
6.710000000000000000e+02 2.146317319689375877e-08
6.720000000000000000e+02 2.149482509213394953e-08
6.730000000000000000e+02 2.152654002782723633e-08
6.740000000000000000e+02 2.155831920200701749e-08
6.750000000000000000e+02 2.159016123373792633e-08
6.760000000000000000e+02 2.162206734956452989e-08
6.770000000000000000e+02 2.165403618057206669e-08
6.780000000000000000e+02 2.168606898608802507e-08
6.790000000000000000e+02 2.171816440532931205e-08
6.800000000000000000e+02 2.175032372694720029e-08
6.810000000000000000e+02 2.178254559824713610e-08
6.820000000000000000e+02 2.181483134537226077e-08
6.830000000000000000e+02 2.184717962738073842e-08
6.840000000000000000e+02 2.187959180015668153e-08
6.850000000000000000e+02 2.191206653933552943e-08
6.860000000000000000e+02 2.194460523057533061e-08
6.870000000000000000e+02 2.197720655824355396e-08
6.880000000000000000e+02 2.200987194658706728e-08
6.890000000000000000e+02 2.204260009253396126e-08
6.900000000000000000e+02 2.207539245145865791e-08
6.910000000000000000e+02 2.210824773379782531e-08
6.920000000000000000e+02 2.214116742611625911e-08
6.930000000000000000e+02 2.217415025263544341e-08
6.940000000000000000e+02 2.220719773560199924e-08
6.950000000000000000e+02 2.224030860955725644e-08
6.960000000000000000e+02 2.227348442892101939e-08
6.970000000000000000e+02 2.230672394243158163e-08
6.980000000000000000e+02 2.234002874173047219e-08
6.990000000000000000e+02 2.237339758647955976e-08
7.000000000000000000e+02 2.240683210599746425e-08
7.010000000000000000e+02 2.244033107107731135e-08
7.020000000000000000e+02 2.247389614509633015e-08
7.030000000000000000e+02 2.250752611499038702e-08
7.040000000000000000e+02 2.254122267950001894e-08
7.050000000000000000e+02 2.257498463389527114e-08
7.060000000000000000e+02 2.260881371269977938e-08
7.070000000000000000e+02 2.264270872388236306e-08
7.080000000000000000e+02 2.267667143876936600e-08
7.090000000000000000e+02 2.271070067936841440e-08
7.100000000000000000e+02 2.274479824568520976e-08
7.110000000000000000e+02 2.277896297449738625e-08
7.120000000000000000e+02 2.281319670407512385e-08
7.130000000000000000e+02 2.284749828201464278e-08
7.140000000000000000e+02 2.288186958169241928e-08
7.150000000000000000e+02 2.291630945866881815e-08
7.160000000000000000e+02 2.295081982211719854e-08
7.170000000000000000e+02 2.298539954033378027e-08
7.180000000000000000e+02 2.302005055894962346e-08
7.190000000000000000e+02 2.305477175993334680e-08
7.200000000000000000e+02 2.308956512233715446e-08
7.210000000000000000e+02 2.312442953871666046e-08
7.220000000000000000e+02 2.315936702262691716e-08
7.230000000000000000e+02 2.319437647392478060e-08
7.240000000000000000e+02 2.322945994143717780e-08
7.250000000000000000e+02 2.326461633721472207e-08
7.260000000000000000e+02 2.329984774238435039e-08
7.270000000000000000e+02 2.333515307465706639e-08
7.280000000000000000e+02 2.337053444839674129e-08
7.290000000000000000e+02 2.340599079080478733e-08
7.300000000000000000e+02 2.344152425151971983e-08
7.310000000000000000e+02 2.347713376378212719e-08
7.320000000000000000e+02 2.351282150947747930e-08
7.330000000000000000e+02 2.354858642925772417e-08
7.340000000000000000e+02 2.358443073481569906e-08
7.350000000000000000e+02 2.362035337397518656e-08
7.360000000000000000e+02 2.365635658949179004e-08
7.370000000000000000e+02 2.369243933839033970e-08
7.380000000000000000e+02 2.372860389481446237e-08
7.390000000000000000e+02 2.376484921756654975e-08
7.400000000000000000e+02 2.380117761360935732e-08
7.410000000000000000e+02 2.383758804493111991e-08
7.420000000000000000e+02 2.387408284843008731e-08
7.430000000000000000e+02 2.391066098656700968e-08
7.440000000000000000e+02 2.394732482233080962e-08
7.450000000000000000e+02 2.398407332832253854e-08
7.460000000000000000e+02 2.402090889502769118e-08
7.470000000000000000e+02 2.405783049316740873e-08
7.480000000000000000e+02 2.409484054269691798e-08
7.490000000000000000e+02 2.413193801347820073e-08
7.500000000000000000e+02 2.416912535617370120e-08
7.510000000000000000e+02 2.420640154033381878e-08
7.520000000000000000e+02 2.424376904041206538e-08
7.530000000000000000e+02 2.428122682699028500e-08
7.540000000000000000e+02 2.431877739949776515e-08
7.550000000000000000e+02 2.435641972692070186e-08
7.560000000000000000e+02 2.439415633435594928e-08
7.570000000000000000e+02 2.443198618589095788e-08
7.580000000000000000e+02 2.446991182609078042e-08
7.590000000000000000e+02 2.450793221876952720e-08
7.600000000000000000e+02 2.454604993748650643e-08
7.610000000000000000e+02 2.458426393836726399e-08
7.620000000000000000e+02 2.462257681692665870e-08
7.630000000000000000e+02 2.466098751897611808e-08
7.640000000000000000e+02 2.469949866329663650e-08
7.650000000000000000e+02 2.473810919043824009e-08
7.660000000000000000e+02 2.477682173889458018e-08
7.670000000000000000e+02 2.481563524157994229e-08
7.680000000000000000e+02 2.485455235351106270e-08
7.690000000000000000e+02 2.489357200078424695e-08
7.700000000000000000e+02 2.493269686470128495e-08
7.710000000000000000e+02 2.497192585685403566e-08
7.720000000000000000e+02 2.501126167366224220e-08
7.730000000000000000e+02 2.505070322177839677e-08
7.740000000000000000e+02 2.509025321377793353e-08
7.750000000000000000e+02 2.512991053996140339e-08
7.760000000000000000e+02 2.516967793072026500e-08
7.770000000000000000e+02 2.520955426426126190e-08
7.780000000000000000e+02 2.524954228584679989e-08
7.790000000000000000e+02 2.528964085855692103e-08
7.800000000000000000e+02 2.532985274358874249e-08
7.810000000000000000e+02 2.537017678968554577e-08
7.820000000000000000e+02 2.541061577076611199e-08
7.830000000000000000e+02 2.545116852189056713e-08
7.840000000000000000e+02 2.549183783146407989e-08
7.850000000000000000e+02 2.553262251310181779e-08
7.860000000000000000e+02 2.557352537101762834e-08
7.870000000000000000e+02 2.561454519773509546e-08
7.880000000000000000e+02 2.565568481421485102e-08
7.890000000000000000e+02 2.569694299255561613e-08
7.900000000000000000e+02 2.573832256369976332e-08
7.910000000000000000e+02 2.577982227972544700e-08
7.920000000000000000e+02 2.582144498620241858e-08
7.930000000000000000e+02 2.586318941278690420e-08
7.940000000000000000e+02 2.590505841150476688e-08
7.950000000000000000e+02 2.594705069046434655e-08
7.960000000000000000e+02 2.598916911341193089e-08
7.970000000000000000e+02 2.603141235861794966e-08
7.980000000000000000e+02 2.607378329875941552e-08
7.990000000000000000e+02 2.611628058727984204e-08
8.000000000000000000e+02 2.615890710584511763e-08
8.010000000000000000e+02 2.620166148366441864e-08
8.020000000000000000e+02 2.624454660831545362e-08
8.030000000000000000e+02 2.628756108454163309e-08
8.040000000000000000e+02 2.633070780732391554e-08
8.050000000000000000e+02 2.637398535334820171e-08
8.060000000000000000e+02 2.641739662529765965e-08
8.070000000000000000e+02 2.646094017242439106e-08
8.080000000000000000e+02 2.650461890118829529e-08
8.090000000000000000e+02 2.654843132942821164e-08
8.100000000000000000e+02 2.659238037318431297e-08
8.110000000000000000e+02 2.663646451913305344e-08
8.120000000000000000e+02 2.668068668432830912e-08
8.130000000000000000e+02 2.672504532479615066e-08
8.140000000000000000e+02 2.676954336369496105e-08
8.150000000000000000e+02 2.681417922154498311e-08
8.160000000000000000e+02 2.685895582873430396e-08
8.170000000000000000e+02 2.690387157416584517e-08
8.180000000000000000e+02 2.694892939591877950e-08
8.190000000000000000e+02 2.699412764382636914e-08
8.200000000000000000e+02 2.703946925968572214e-08
8.210000000000000000e+02 2.708495256160221189e-08
8.220000000000000000e+02 2.713058049670266634e-08
8.230000000000000000e+02 2.717635134256697483e-08
8.240000000000000000e+02 2.722226805163429788e-08
8.250000000000000000e+02 2.726832886553549365e-08
8.260000000000000000e+02 2.731453673789029799e-08
8.270000000000000000e+02 2.736088987899921330e-08
8.280000000000000000e+02 2.740739124338104135e-08
8.290000000000000000e+02 2.745403900128626723e-08
8.300000000000000000e+02 2.750083611247263782e-08
8.310000000000000000e+02 2.754778070768571970e-08
8.320000000000000000e+02 2.759487575151110929e-08
8.330000000000000000e+02 2.764211933477325709e-08
8.340000000000000000e+02 2.768951442283140501e-08
8.350000000000000000e+02 2.773705907127981214e-08
8.360000000000000000e+02 2.778475624572049462e-08
8.370000000000000000e+02 2.783260396544083868e-08
8.380000000000000000e+02 2.788060519772022723e-08
8.390000000000000000e+02 2.792875791564624907e-08
8.400000000000000000e+02 2.797706509236973751e-08
8.410000000000000000e+02 2.802552465897693174e-08
8.420000000000000000e+02 2.807413959398763304e-08
8.430000000000000000e+02 2.812290779075936039e-08
8.440000000000000000e+02 2.817183222826055799e-08
8.450000000000000000e+02 2.822091076169014214e-08
8.460000000000000000e+02 2.827014637047918593e-08
8.470000000000000000e+02 2.831953687175592899e-08
8.480000000000000000e+02 2.836908524406852837e-08
8.490000000000000000e+02 2.841878926641479150e-08
8.500000000000000000e+02 2.846865192013071231e-08
8.510000000000000000e+02 2.851867094134741514e-08
8.520000000000000000e+02 2.856884931346250264e-08
8.530000000000000000e+02 2.861918473293608274e-08
8.540000000000000000e+02 2.866968018686331500e-08
8.550000000000000000e+02 2.872033332942422436e-08
8.560000000000000000e+02 2.877114715120587359e-08
8.570000000000000000e+02 2.882211926398778040e-08
8.580000000000000000e+02 2.887325266508492738e-08
8.590000000000000000e+02 2.892454492385905675e-08
8.600000000000000000e+02 2.897599904277937307e-08
8.610000000000000000e+02 2.902761255206740063e-08
8.620000000000000000e+02 2.907938845996820213e-08
8.630000000000000000e+02 2.913132425639250758e-08
8.640000000000000000e+02 2.918342295444250152e-08
8.650000000000000000e+02 2.923568200737403963e-08
8.660000000000000000e+02 2.928810443215284870e-08
8.670000000000000000e+02 2.934068763573424630e-08
8.680000000000000000e+02 2.939343464346976406e-08
8.690000000000000000e+02 2.944634282301961045e-08
8.700000000000000000e+02 2.949941520235136510e-08
8.710000000000000000e+02 2.955264911026577361e-08
8.720000000000000000e+02 2.960604758056206541e-08
8.730000000000000000e+02 2.965960790543972961e-08
8.740000000000000000e+02 2.971333312819996822e-08
8.750000000000000000e+02 2.976722049946706766e-08
8.760000000000000000e+02 2.982127306763917791e-08
8.770000000000000000e+02 2.987548804847917425e-08
8.780000000000000000e+02 2.992986849911525103e-08
8.790000000000000000e+02 2.998441159498657531e-08
8.800000000000000000e+02 3.003912040933123310e-08
8.810000000000000000e+02 3.009399208124214814e-08
8.820000000000000000e+02 3.014902969092593328e-08
8.830000000000000000e+02 3.020423034310619751e-08
8.840000000000000000e+02 3.025959712970382742e-08
8.850000000000000000e+02 3.031512711392529076e-08
8.860000000000000000e+02 3.037082340848889908e-08
8.870000000000000000e+02 3.042668303333713226e-08
8.880000000000000000e+02 3.048270911229138837e-08
8.890000000000000000e+02 3.053889862977853229e-08
8.900000000000000000e+02 3.059525472827559806e-08
8.910000000000000000e+02 3.065177435094205166e-08
8.920000000000000000e+02 3.070846065835121697e-08
8.930000000000000000e+02 3.076531055535404573e-08
8.940000000000000000e+02 3.082232721919928030e-08
8.950000000000000000e+02 3.087950752458158706e-08
8.960000000000000000e+02 3.093685466443863132e-08
8.970000000000000000e+02 3.099436547229069539e-08
8.980000000000000000e+02 3.105204316543192328e-08
8.990000000000000000e+02 3.110988454330925439e-08
9.000000000000000000e+02 3.116789284660783289e-08
9.010000000000000000e+02 3.122606483495048387e-08
9.020000000000000000e+02 3.128440377682514259e-08
9.030000000000000000e+02 3.134290639890373564e-08
9.040000000000000000e+02 3.140157599526499588e-08
9.050000000000000000e+02 3.146040926010098774e-08
9.060000000000000000e+02 3.151940950722453827e-08
9.070000000000000000e+02 3.157857340093951248e-08
9.080000000000000000e+02 3.163790428263339208e-08
9.090000000000000000e+02 3.169739878610272112e-08
9.100000000000000000e+02 3.175706027966134475e-08
9.110000000000000000e+02 3.181688536435931476e-08
9.120000000000000000e+02 3.187687743863315167e-08
9.130000000000000000e+02 3.193703307504804289e-08
9.140000000000000000e+02 3.199735570055452978e-08
9.150000000000000000e+02 3.205784185718203700e-08
9.160000000000000000e+02 3.211849500470449951e-08
9.170000000000000000e+02 3.217931165769173818e-08
9.180000000000000000e+02 3.224029530283788397e-08
9.190000000000000000e+02 3.230144242604740258e-08
9.200000000000000000e+02 3.236275655004535365e-08
9.210000000000000000e+02 3.242423413463563039e-08
9.220000000000000000e+02 3.248587873720543573e-08
9.230000000000000000e+02 3.254768679056053325e-08
9.240000000000000000e+02 3.260966188612601252e-08
9.250000000000000000e+02 3.267180043196065636e-08
9.260000000000000000e+02 3.273410605819473147e-08
9.270000000000000000e+02 3.279657514634837995e-08
9.280000000000000000e+02 3.285921136410243385e-08
9.290000000000000000e+02 3.292201106963548729e-08
9.300000000000000000e+02 3.298497797318794646e-08
9.310000000000000000e+02 3.304810840732770255e-08
9.320000000000000000e+02 3.311140612401670262e-08
9.330000000000000000e+02 3.317486742910088730e-08
9.340000000000000000e+02 3.323849612383621245e-08
9.350000000000000000e+02 3.330228848803052151e-08
9.360000000000000000e+02 3.336624836488103684e-08
9.370000000000000000e+02 3.343037201629016581e-08
9.380000000000000000e+02 3.349466332861569459e-08
9.390000000000000000e+02 3.355911853876538530e-08
9.400000000000000000e+02 3.362374157946792223e-08
9.410000000000000000e+02 3.368852867087823147e-08
9.420000000000000000e+02 3.375348379709365452e-08
9.430000000000000000e+02 3.381860315554115223e-08
9.440000000000000000e+02 3.388389077571064778e-08
9.450000000000000000e+02 3.394934283606482180e-08
9.460000000000000000e+02 3.401496342076926318e-08
9.470000000000000000e+02 3.408074868828077991e-08
9.480000000000000000e+02 3.414670277107554459e-08
9.490000000000000000e+02 3.421282181287791453e-08
9.500000000000000000e+02 3.427910999269111889e-08
9.510000000000000000e+02 3.434556343813453345e-08
9.520000000000000000e+02 3.441218638058301101e-08
9.530000000000000000e+02 3.447897493369816771e-08
9.540000000000000000e+02 3.454593338562971453e-08
9.550000000000000000e+02 3.461305783046710233e-08
9.560000000000000000e+02 3.468035260762497082e-08
9.570000000000000000e+02 3.474781380094976024e-08
9.580000000000000000e+02 3.481544580432414049e-08
9.590000000000000000e+02 3.488324468007691720e-08
9.600000000000000000e+02 3.495121488166086694e-08
9.610000000000000000e+02 3.501935245861872713e-08
9.620000000000000000e+02 3.508766191931055723e-08
9.630000000000000000e+02 3.515613929854834469e-08
9.640000000000000000e+02 3.522478916540379134e-08
9.650000000000000000e+02 3.529360753411622118e-08
9.660000000000000000e+02 3.536259903899829518e-08
9.670000000000000000e+02 3.543175967760050527e-08
9.680000000000000000e+02 3.550109413964754094e-08
9.690000000000000000e+02 3.557059841019807722e-08
9.700000000000000000e+02 3.564027724339669001e-08
9.710000000000000000e+02 3.571012660665254793e-08
9.720000000000000000e+02 3.578015131393897637e-08
9.730000000000000000e+02 3.585034731790926091e-08
9.740000000000000000e+02 3.592071950323037465e-08
9.750000000000000000e+02 3.599126380229068400e-08
9.760000000000000000e+02 3.606198516343266536e-08
9.770000000000000000e+02 3.613287951025935867e-08
9.780000000000000000e+02 3.620395184891957953e-08
9.790000000000000000e+02 3.627519808782704883e-08
9.800000000000000000e+02 3.634662330251909105e-08
9.810000000000000000e+02 3.641822338462783829e-08
9.820000000000000000e+02 3.649000347328223559e-08
9.830000000000000000e+02 3.656195944468727824e-08
9.840000000000000000e+02 3.663409649950590352e-08
9.850000000000000000e+02 3.670641049869260937e-08
9.860000000000000000e+02 3.677890670996812495e-08
9.870000000000000000e+02 3.685158097840648335e-08
9.880000000000000000e+02 3.692443863302611685e-08
9.890000000000000000e+02 3.699747551396736954e-08
9.900000000000000000e+02 3.707069700739987926e-08
9.910000000000000000e+02 3.714409893736021294e-08
9.920000000000000000e+02 3.721768675803893630e-08
9.930000000000000000e+02 3.729145627696426840e-08
9.940000000000000000e+02 3.736541301663212061e-08
9.950000000000000000e+02 3.743955276831126607e-08
9.960000000000000000e+02 3.751388111855730183e-08
9.970000000000000000e+02 3.758839384602180335e-08
9.980000000000000000e+02 3.766309660231650824e-08
9.990000000000000000e+02 3.773798514711149314e-08
1.000000000000000000e+03 3.781306519814214254e-08
1.001000000000000000e+03 3.788833249525084836e-08
1.002000000000000000e+03 3.796379282879791100e-08
1.003000000000000000e+03 3.803944191843208637e-08
1.004000000000000000e+03 3.811528562152936652e-08
1.005000000000000000e+03 3.819131963851187194e-08
1.006000000000000000e+03 3.826754989420959285e-08
1.007000000000000000e+03 3.834397207013502298e-08
1.008000000000000000e+03 3.842059215915964084e-08
1.009000000000000000e+03 3.849740582349622829e-08
1.010000000000000000e+03 3.857441911470517168e-08
1.011000000000000000e+03 3.865162766979487431e-08
1.012000000000000000e+03 3.872903760493592004e-08
1.013000000000000000e+03 3.880664453252742061e-08
1.014000000000000000e+03 3.888445463310719129e-08
1.015000000000000000e+03 3.896246349050089832e-08
1.016000000000000000e+03 3.904067734518144219e-08
1.017000000000000000e+03 3.911909175556612785e-08
1.018000000000000000e+03 3.919771303085258202e-08
1.019000000000000000e+03 3.927653670319659428e-08
1.020000000000000000e+03 3.935556914585382266e-08
1.021000000000000000e+03 3.943480586532059650e-08
1.022000000000000000e+03 3.951425330639205010e-08
1.023000000000000000e+03 3.959390693839218075e-08
1.024000000000000000e+03 3.967377327910720837e-08
1.025000000000000000e+03 3.975384776702877363e-08
1.026000000000000000e+03 3.983413698133740104e-08
1.027000000000000000e+03 3.991463633127530715e-08
1.028000000000000000e+03 3.999535245948734388e-08
1.029000000000000000e+03 4.007628073831785426e-08
1.030000000000000000e+03 4.015742788271354244e-08
1.031000000000000000e+03 4.023878922279578693e-08
1.032000000000000000e+03 4.032037153949400043e-08
1.033000000000000000e+03 4.040217012858944285e-08
1.034000000000000000e+03 4.048419182695478405e-08
1.035000000000000000e+03 4.056643189051071416e-08
1.036000000000000000e+03 4.064889722494802789e-08
1.037000000000000000e+03 4.073158304065622469e-08
1.038000000000000000e+03 4.081449630307886064e-08
1.039000000000000000e+03 4.089763218334808522e-08
1.040000000000000000e+03 4.098099770716535189e-08
1.041000000000000000e+03 4.106458799648154274e-08
1.042000000000000000e+03 4.114841013754882394e-08
1.043000000000000000e+03 4.123245921043155719e-08
1.044000000000000000e+03 4.131674235761105268e-08
1.045000000000000000e+03 4.140125461718504090e-08
1.046000000000000000e+03 4.148600318927073233e-08
1.047000000000000000e+03 4.157098307245278958e-08
1.048000000000000000e+03 4.165620153121508544e-08
1.049000000000000000e+03 4.174165351290529262e-08
1.050000000000000000e+03 4.182734633771983047e-08
1.051000000000000000e+03 4.191327490232575009e-08
1.052000000000000000e+03 4.199944658946833429e-08
1.053000000000000000e+03 4.208585624606174526e-08
1.054000000000000000e+03 4.217251130127396525e-08
1.055000000000000000e+03 4.225940655253115727e-08
1.056000000000000000e+03 4.234654948542258509e-08
1.057000000000000000e+03 4.243393483452024582e-08
1.058000000000000000e+03 4.252157014545987990e-08
1.059000000000000000e+03 4.260945008979099061e-08
1.060000000000000000e+03 4.269758226815194543e-08
1.061000000000000000e+03 4.278596129030983656e-08
1.062000000000000000e+03 4.287459481497753600e-08
1.063000000000000000e+03 4.296347738450354773e-08
1.064000000000000000e+03 4.305261671024746120e-08
1.065000000000000000e+03 4.314200727365417917e-08
1.066000000000000000e+03 4.323165684799368358e-08
1.067000000000000000e+03 4.332155984315009937e-08
1.068000000000000000e+03 4.341172407714359508e-08
1.069000000000000000e+03 4.350214390077606672e-08
1.070000000000000000e+03 4.359282718704055786e-08
1.071000000000000000e+03 4.368376820875058968e-08
1.072000000000000000e+03 4.377497490042073070e-08
1.073000000000000000e+03 4.386644146025644381e-08
1.074000000000000000e+03 4.395817587908577428e-08
1.075000000000000000e+03 4.405017228241378387e-08
1.076000000000000000e+03 4.414243870551760408e-08
1.077000000000000000e+03 4.423496920233484184e-08
1.078000000000000000e+03 4.432777186175772971e-08
1.079000000000000000e+03 4.442084066087997362e-08
1.080000000000000000e+03 4.451418373692313042e-08
1.081000000000000000e+03 4.460779499751167758e-08
1.082000000000000000e+03 4.470168262504984162e-08
1.083000000000000000e+03 4.479584044536458490e-08
1.084000000000000000e+03 4.489027669518706034e-08
1.085000000000000000e+03 4.498498511875761975e-08
1.086000000000000000e+03 4.507997399519852325e-08
1.087000000000000000e+03 4.517523698927612478e-08
1.088000000000000000e+03 4.527078243270863947e-08
1.089000000000000000e+03 4.536660390327046997e-08
1.090000000000000000e+03 4.546270978092060106e-08
1.091000000000000000e+03 4.555909356496548108e-08
1.092000000000000000e+03 4.565576368538448731e-08
1.093000000000000000e+03 4.575271354976012753e-08
1.094000000000000000e+03 4.584995164076579132e-08
1.095000000000000000e+03 4.594747128311891207e-08
1.096000000000000000e+03 4.604528099984899648e-08
1.097000000000000000e+03 4.614337402026661167e-08
1.098000000000000000e+03 4.624175892321997457e-08
1.099000000000000000e+03 4.634042884996167036e-08
1.100000000000000000e+03 4.643939241900447042e-08
1.101000000000000000e+03 4.653864267576431045e-08
1.102000000000000000e+03 4.663818830153290060e-08
1.103000000000000000e+03 4.673802224557920204e-08
1.104000000000000000e+03 4.683815323360959382e-08
1.105000000000000000e+03 4.693857411521120216e-08
1.106000000000000000e+03 4.703929366713958630e-08
1.107000000000000000e+03 4.714030464757887800e-08
1.108000000000000000e+03 4.724161587858374677e-08
1.109000000000000000e+03 4.734322002347747670e-08
1.110000000000000000e+03 4.744512595084326956e-08
1.111000000000000000e+03 4.754732622778972522e-08
1.112000000000000000e+03 4.764982977337851071e-08
1.113000000000000000e+03 4.775262905897715219e-08
1.114000000000000000e+03 4.785573304977868315e-08
1.115000000000000000e+03 4.795913411479356036e-08
1.116000000000000000e+03 4.806284127359677437e-08
1.117000000000000000e+03 4.816684679397493678e-08
1.118000000000000000e+03 4.827115974603118053e-08
1.119000000000000000e+03 4.837577229651168117e-08
1.120000000000000000e+03 4.848069356611922218e-08
1.121000000000000000e+03 4.858591562370384181e-08
1.122000000000000000e+03 4.869144764089579571e-08
1.123000000000000000e+03 4.879728158904281545e-08
1.124000000000000000e+03 4.890342667985115737e-08
1.125000000000000000e+03 4.900987478557607438e-08
1.126000000000000000e+03 4.911663517389671951e-08
1.127000000000000000e+03 4.922369961258727499e-08
1.128000000000000000e+03 4.933107742591697315e-08
1.129000000000000000e+03 4.943876027800290331e-08
1.130000000000000000e+03 4.954675753880686810e-08
1.131000000000000000e+03 4.965506076779002019e-08
1.132000000000000000e+03 4.976367939681564101e-08
1.133000000000000000e+03 4.987260488723021145e-08
1.134000000000000000e+03 4.998184672150351915e-08
1.135000000000000000e+03 5.009139624805336916e-08
1.136000000000000000e+03 5.020126301790862748e-08
1.137000000000000000e+03 5.031143827164389664e-08
1.138000000000000000e+03 5.042193161684300315e-08
1.139000000000000000e+03 5.053273418832444945e-08
1.140000000000000000e+03 5.064385565798913324e-08
1.141000000000000000e+03 5.075528705329513010e-08
1.142000000000000000e+03 5.086703811346974495e-08
1.143000000000000000e+03 5.097909975025885521e-08
1.144000000000000000e+03 5.109148176460716712e-08
1.145000000000000000e+03 5.120417496697509130e-08
1.146000000000000000e+03 5.131718922921682289e-08
1.147000000000000000e+03 5.143051524568138358e-08
1.148000000000000000e+03 5.154416295936564960e-08
1.149000000000000000e+03 5.165812295024229483e-08
1.150000000000000000e+03 5.177240524044455807e-08
1.151000000000000000e+03 5.188700030417516281e-08
1.152000000000000000e+03 5.200191821930012392e-08
1.153000000000000000e+03 5.211714936237856253e-08
1.154000000000000000e+03 5.223270388337366159e-08
1.155000000000000000e+03 5.234857205509323013e-08
1.156000000000000000e+03 5.246476409825171692e-08
1.157000000000000000e+03 5.258127018242137593e-08
1.158000000000000000e+03 5.269810060922165640e-08
1.159000000000000000e+03 5.281524543508029527e-08
1.160000000000000000e+03 5.293271503753142776e-08
1.161000000000000000e+03 5.305049937278995888e-08
1.162000000000000000e+03 5.316860889787881170e-08
1.163000000000000000e+03 5.328703345712390199e-08
1.164000000000000000e+03 5.340578359733004536e-08
1.165000000000000000e+03 5.352484905015524216e-08
1.166000000000000000e+03 5.364424045186622056e-08
1.167000000000000000e+03 5.376394743318723128e-08
1.168000000000000000e+03 5.388398070995337176e-08
1.169000000000000000e+03 5.400432981804793709e-08
1.170000000000000000e+03 5.412500556378659367e-08
1.171000000000000000e+03 5.424599736902606710e-08
1.172000000000000000e+03 5.436731613376055901e-08
1.173000000000000000e+03 5.448895118003276337e-08
1.174000000000000000e+03 5.461091350153767814e-08
1.175000000000000000e+03 5.473319231197570707e-08
1.176000000000000000e+03 5.485579870603471801e-08
1.177000000000000000e+03 5.497872179901081722e-08
1.178000000000000000e+03 5.510197278619309556e-08
1.179000000000000000e+03 5.522554067256080955e-08
1.180000000000000000e+03 5.534943675781432654e-08
1.181000000000000000e+03 5.547364994084492484e-08
1.182000000000000000e+03 5.559819163610227218e-08
1.183000000000000000e+03 5.572305063585032042e-08
1.184000000000000000e+03 5.584823845996113289e-08
1.185000000000000000e+03 5.597374380830594870e-08
1.186000000000000000e+03 5.609957830874786080e-08
1.187000000000000000e+03 5.622573055058415097e-08
1.188000000000000000e+03 5.635221228480967555e-08
1.189000000000000000e+03 5.647901199743858185e-08
1.190000000000000000e+03 5.660614155297571814e-08
1.191000000000000000e+03 5.673358934402956018e-08
1.192000000000000000e+03 5.686136734614173106e-08
1.193000000000000000e+03 5.698946385774733202e-08
1.194000000000000000e+03 5.711789098448504705e-08
1.195000000000000000e+03 5.724663691938719591e-08
1.196000000000000000e+03 5.737571387855532626e-08
1.197000000000000000e+03 5.750510996762157639e-08
1.198000000000000000e+03 5.763483752985317238e-08
1.199000000000000000e+03 5.776488458045969210e-08
1.200000000000000000e+03 5.789526358999595319e-08
1.201000000000000000e+03 5.802596247274992029e-08
1.202000000000000000e+03 5.815699382603813417e-08
1.203000000000000000e+03 5.828834547762618868e-08
1.204000000000000000e+03 5.842003015320773878e-08
1.205000000000000000e+03 5.855203558914003696e-08
1.206000000000000000e+03 5.868437465019426741e-08
1.207000000000000000e+03 5.881703496872901044e-08
1.208000000000000000e+03 5.895002954917141693e-08
1.209000000000000000e+03 5.908334593769532508e-08
1.210000000000000000e+03 5.921699727444948368e-08
1.211000000000000000e+03 5.935097101770332665e-08
1.212000000000000000e+03 5.948528045406703583e-08
1.213000000000000000e+03 5.961991294020805268e-08
1.214000000000000000e+03 5.975488191671593891e-08
1.215000000000000000e+03 5.989017464550174471e-08
1.216000000000000000e+03 6.002580471270342286e-08
1.217000000000000000e+03 6.016175929030745892e-08
1.218000000000000000e+03 6.029805211759425083e-08
1.219000000000000000e+03 6.043467027550698748e-08
1.220000000000000000e+03 6.057162765380487129e-08
1.221000000000000000e+03 6.070891124295493600e-08
1.222000000000000000e+03 6.084653507920341336e-08
1.223000000000000000e+03 6.098448606891442994e-08
1.224000000000000000e+03 6.112277840439966743e-08
1.225000000000000000e+03 6.126139890343338672e-08
1.226000000000000000e+03 6.140036191429578710e-08
1.227000000000000000e+03 6.153965416272743957e-08
1.228000000000000000e+03 6.167929016224148389e-08
1.229000000000000000e+03 6.181925655137678002e-08
1.230000000000000000e+03 6.195956799883807085e-08
1.231000000000000000e+03 6.210021105479046314e-08
1.232000000000000000e+03 6.224120055058470901e-08
1.233000000000000000e+03 6.238252294058635653e-08
1.234000000000000000e+03 6.252419323208497271e-08
1.235000000000000000e+03 6.266619778934890510e-08
1.236000000000000000e+03 6.280855177997066473e-08
1.237000000000000000e+03 6.295124147685713577e-08
1.238000000000000000e+03 6.309428221797863463e-08
1.239000000000000000e+03 6.323766017968050123e-08
1.240000000000000000e+03 6.338139088011898274e-08
1.241000000000000000e+03 6.352546039332388740e-08
1.242000000000000000e+03 6.366988440703046271e-08
1.243000000000000000e+03 6.381464890088178273e-08
1.244000000000000000e+03 6.395976974977648608e-08
1.245000000000000000e+03 6.410523283628707548e-08
1.246000000000000000e+03 6.425105420625284832e-08
1.247000000000000000e+03 6.439721964299020570e-08
1.248000000000000000e+03 6.454374536419992123e-08
1.249000000000000000e+03 6.469061706933407419e-08
1.250000000000000000e+03 6.483785115607037677e-08
1.251000000000000000e+03 6.498543321552890154e-08
1.252000000000000000e+03 6.513337982444341567e-08
1.253000000000000000e+03 6.528167646973543963e-08
1.254000000000000000e+03 6.543033991871693177e-08
1.255000000000000000e+03 6.557935555784009508e-08
1.256000000000000000e+03 6.572874033267069679e-08
1.257000000000000000e+03 6.587847951625560286e-08
1.258000000000000000e+03 6.602859023893136827e-08
1.259000000000000000e+03 6.617905768122229871e-08
1.260000000000000000e+03 6.632989914301497835e-08
1.261000000000000000e+03 6.648109969396537188e-08
1.262000000000000000e+03 6.663267682810758534e-08
1.263000000000000000e+03 6.678461549920064607e-08
1.264000000000000000e+03 6.693693338282382724e-08
1.265000000000000000e+03 6.708961531270621420e-08
1.266000000000000000e+03 6.724267915232273123e-08
1.267000000000000000e+03 6.739610963599761513e-08
1.268000000000000000e+03 6.754992481099727548e-08
1.269000000000000000e+03 6.770410927417651189e-08
1.270000000000000000e+03 6.785868126750927696e-08
1.271000000000000000e+03 6.801362527713997448e-08
1.272000000000000000e+03 6.816895971910304990e-08
1.273000000000000000e+03 6.832466895035997995e-08
1.274000000000000000e+03 6.848077158405160332e-08
1.275000000000000000e+03 6.863725184212553454e-08
1.276000000000000000e+03 6.879412852047697193e-08
1.277000000000000000e+03 6.895138572398466965e-08
1.278000000000000000e+03 6.910904243036545676e-08
1.279000000000000000e+03 6.926708260292263159e-08
1.280000000000000000e+03 6.942552540941168088e-08
1.281000000000000000e+03 6.958435467658971846e-08
1.282000000000000000e+03 6.974358976014188261e-08
1.283000000000000000e+03 6.990321434894505223e-08
1.284000000000000000e+03 7.006324798252679201e-08
1.285000000000000000e+03 7.022367420922440658e-08
1.286000000000000000e+03 7.038451274989076978e-08
1.287000000000000000e+03 7.054574700650666618e-08
1.288000000000000000e+03 7.070739687944011642e-08
1.289000000000000000e+03 7.086944562005011089e-08
1.290000000000000000e+03 7.103191330657866423e-08
1.291000000000000000e+03 7.119478303838229569e-08
1.292000000000000000e+03 7.135807507912664508e-08
1.293000000000000000e+03 7.152177237448835731e-08
1.294000000000000000e+03 7.168589534389986364e-08
1.295000000000000000e+03 7.185042678856960328e-08
1.296000000000000000e+03 7.201538731052782481e-08
1.297000000000000000e+03 7.218075953372680457e-08
1.298000000000000000e+03 7.234656423097012120e-08
1.299000000000000000e+03 7.251278386714950580e-08
1.300000000000000000e+03 7.267943939744346559e-08
1.301000000000000000e+03 7.284651311480448724e-08
1.302000000000000000e+03 7.301402612954202559e-08
1.303000000000000000e+03 7.318196055626814930e-08
1.304000000000000000e+03 7.335033768562186898e-08
1.305000000000000000e+03 7.351913946119981741e-08
1.306000000000000000e+03 7.368838733950887627e-08
1.307000000000000000e+03 7.385806306803322533e-08
1.308000000000000000e+03 7.402818826414066002e-08
1.309000000000000000e+03 7.419874450141307711e-08
1.310000000000000000e+03 7.436975355818961771e-08
1.311000000000000000e+03 7.454119681918070584e-08
1.312000000000000000e+03 7.471309622050307731e-08
1.313000000000000000e+03 7.488543295511287293e-08
1.314000000000000000e+03 7.505822911835263780e-08
1.315000000000000000e+03 7.523146569263280358e-08
1.316000000000000000e+03 7.540516493573209864e-08
1.317000000000000000e+03 7.557930762467110857e-08
1.318000000000000000e+03 7.575391616446607550e-08
1.319000000000000000e+03 7.592897112776576669e-08
1.320000000000000000e+03 7.610449507933284118e-08
1.321000000000000000e+03 7.628046836575653835e-08
1.322000000000000000e+03 7.645691371798656094e-08
1.323000000000000000e+03 7.663381126067797534e-08
1.324000000000000000e+03 7.681118387770435520e-08
1.325000000000000000e+03 7.698901145953104623e-08
1.326000000000000000e+03 7.716731704374065288e-08
1.327000000000000000e+03 7.734608028382825573e-08
1.328000000000000000e+03 7.752532436828335938e-08
1.329000000000000000e+03 7.770502871089495553e-08
1.330000000000000000e+03 7.788521664019382944e-08
1.331000000000000000e+03 7.806586732637063515e-08
1.332000000000000000e+03 7.824700426265505737e-08
1.333000000000000000e+03 7.842860636266343684e-08
1.334000000000000000e+03 7.861069726097683420e-08
1.335000000000000000e+03 7.879325560637347785e-08
1.336000000000000000e+03 7.897630517898853042e-08
1.337000000000000000e+03 7.915982437378073607e-08
1.338000000000000000e+03 7.934383712897759103e-08
1.339000000000000000e+03 7.952832157375799858e-08
1.340000000000000000e+03 7.971330177425897388e-08
1.341000000000000000e+03 7.989875559296457196e-08
1.342000000000000000e+03 8.008470722616510392e-08
1.343000000000000000e+03 8.027113427078844032e-08
1.344000000000000000e+03 8.045806106476469614e-08
1.345000000000000000e+03 8.064546492163109344e-08
1.346000000000000000e+03 8.083337031024591950e-08
1.347000000000000000e+03 8.102175426157133471e-08
1.348000000000000000e+03 8.121064139051692344e-08
1.349000000000000000e+03 8.140000844472783651e-08
1.350000000000000000e+03 8.158988017269974055e-08
1.351000000000000000e+03 8.178023302017991798e-08
1.352000000000000000e+03 8.197109185977777472e-08
1.353000000000000000e+03 8.216243284993794951e-08
1.354000000000000000e+03 8.235428099007667586e-08
1.355000000000000000e+03 8.254661213119670820e-08
1.356000000000000000e+03 8.273945141649792431e-08
1.357000000000000000e+03 8.293277439047733773e-08
1.358000000000000000e+03 8.312660631722377878e-08
1.359000000000000000e+03 8.332092242964130640e-08
1.360000000000000000e+03 8.351574812695874159e-08
1.361000000000000000e+03 8.371105832027251402e-08
1.362000000000000000e+03 8.390687853502327134e-08
1.363000000000000000e+03 8.410318335715125447e-08
1.364000000000000000e+03 8.429999843727150767e-08
1.365000000000000000e+03 8.449729804127401091e-08
1.366000000000000000e+03 8.469510796117658870e-08
1.367000000000000000e+03 8.489340212610784708e-08
1.368000000000000000e+03 8.509220644912722753e-08
1.369000000000000000e+03 8.529149453681739847e-08
1.370000000000000000e+03 8.549129241981591386e-08
1.371000000000000000e+03 8.569157337432188217e-08
1.372000000000000000e+03 8.589236355305490872e-08
1.373000000000000000e+03 8.609363589565432188e-08
1.374000000000000000e+03 8.629541668402751126e-08
1.375000000000000000e+03 8.649767852331371809e-08
1.376000000000000000e+03 8.670044781847071405e-08
1.377000000000000000e+03 8.690369682087292119e-08
1.378000000000000000e+03 8.710745205960873818e-08
1.379000000000000000e+03 8.731168544906297748e-08
1.380000000000000000e+03 8.751642365479855531e-08
1.381000000000000000e+03 8.772163821847485739e-08
1.382000000000000000e+03 8.792735594520277657e-08
1.383000000000000000e+03 8.813354802567179692e-08
1.384000000000000000e+03 8.834024139745413969e-08
1.385000000000000000e+03 8.854740687712458260e-08
1.386000000000000000e+03 8.875507155626017746e-08
1.387000000000000000e+03 8.896320590375686746e-08
1.388000000000000000e+03 8.917183712960095473e-08
1.389000000000000000e+03 8.938093534347025926e-08
1.390000000000000000e+03 8.959052790061403079e-08
1.391000000000000000e+03 8.980058452016166002e-08
1.392000000000000000e+03 9.001113271965671517e-08
1.393000000000000000e+03 9.022214186251037741e-08
1.394000000000000000e+03 9.043363958688188025e-08
1.395000000000000000e+03 9.064559488640790856e-08
1.396000000000000000e+03 9.085803554104275822e-08
1.397000000000000000e+03 9.107093017948656562e-08
1.398000000000000000e+03 9.128430673286959213e-08
1.399000000000000000e+03 9.149813346367730586e-08
1.400000000000000000e+03 9.171243843985271660e-08
1.401000000000000000e+03 9.192718955035167410e-08
1.402000000000000000e+03 9.214241502459071850e-08
1.403000000000000000e+03 9.235808238947419820e-08
1.404000000000000000e+03 9.257422003092133112e-08
1.405000000000000000e+03 9.279079508412905705e-08
1.406000000000000000e+03 9.300783609965736571e-08
1.407000000000000000e+03 9.322530983403455027e-08
1.408000000000000000e+03 9.344324501378883648e-08
1.409000000000000000e+03 9.366160802561247900e-08
1.410000000000000000e+03 9.388042777125975350e-08
1.411000000000000000e+03 9.409967026040807333e-08
1.412000000000000000e+03 9.431936455548256167e-08
1.413000000000000000e+03 9.453947630754182420e-08
1.414000000000000000e+03 9.476003473577555386e-08
1.415000000000000000e+03 9.498100511640511767e-08
1.416000000000000000e+03 9.520241686395361624e-08
1.417000000000000000e+03 9.542423489147612726e-08
1.418000000000000000e+03 9.564648879738534687e-08
1.419000000000000000e+03 9.586914311052842829e-08
1.420000000000000000e+03 9.609222762322466160e-08
1.421000000000000000e+03 9.631570650885747093e-08
1.422000000000000000e+03 9.653960973737117889e-08
1.423000000000000000e+03 9.676390113348460077e-08
1.424000000000000000e+03 9.698861084929098876e-08
1.425000000000000000e+03 9.721370234670396956e-08
1.426000000000000000e+03 9.743920598830306662e-08
1.427000000000000000e+03 9.766508487735899822e-08
1.428000000000000000e+03 9.789136957598812298e-08
1.429000000000000000e+03 9.811802283302930153e-08
1.430000000000000000e+03 9.834507542123306365e-08
1.431000000000000000e+03 9.857248975115395726e-08
1.432000000000000000e+03 9.880029681573609862e-08
1.433000000000000000e+03 9.902845865683987694e-08
1.434000000000000000e+03 9.925700649563919357e-08
1.435000000000000000e+03 9.948590202727147987e-08
1.436000000000000000e+03 9.971517671341145476e-08
1.437000000000000000e+03 9.994479190087362593e-08
1.438000000000000000e+03 1.001747792771689675e-07
1.439000000000000000e+03 1.004050998586532267e-07
1.440000000000000000e+03 1.006357855586063335e-07
1.441000000000000000e+03 1.008667970618632009e-07
1.442000000000000000e+03 1.010981665422749296e-07
1.443000000000000000e+03 1.013298543348419257e-07
1.444000000000000000e+03 1.015618928827259744e-07
1.445000000000000000e+03 1.017942421930592128e-07
1.446000000000000000e+03 1.020269349675798736e-07
1.447000000000000000e+03 1.022599308729784148e-07
1.448000000000000000e+03 1.024932628933757353e-07
1.449000000000000000e+03 1.027268903581014710e-07
1.450000000000000000e+03 1.029608465464319013e-07
1.451000000000000000e+03 1.031950904712250890e-07
1.452000000000000000e+03 1.034296556922610486e-07
1.453000000000000000e+03 1.036645008932654299e-07
1.454000000000000000e+03 1.038996599215045516e-07
1.455000000000000000e+03 1.041350911513266827e-07
1.456000000000000000e+03 1.043708287461735182e-07
1.457000000000000000e+03 1.046068307574514412e-07
1.458000000000000000e+03 1.048431316499879705e-07
1.459000000000000000e+03 1.050796891755291508e-07
1.460000000000000000e+03 1.053165381273356484e-07
1.461000000000000000e+03 1.055536359402999630e-07
1.462000000000000000e+03 1.057910177435649541e-07
1.463000000000000000e+03 1.060286406589898930e-07
1.464000000000000000e+03 1.062665401359040741e-07
1.465000000000000000e+03 1.065046730276870501e-07
1.466000000000000000e+03 1.067430751099941491e-07
1.467000000000000000e+03 1.069817029290196508e-07
1.468000000000000000e+03 1.072205926140549800e-07
1.469000000000000000e+03 1.074597004259546392e-07
1.470000000000000000e+03 1.076990628527429191e-07
1.471000000000000000e+03 1.079386358726645984e-07
1.472000000000000000e+03 1.081784563391647281e-07
1.473000000000000000e+03 1.084184799292567009e-07
1.474000000000000000e+03 1.086587438659095144e-07
1.475000000000000000e+03 1.088992035485531841e-07
1.476000000000000000e+03 1.091398965723155090e-07
1.477000000000000000e+03 1.093807780823000444e-07
1.478000000000000000e+03 1.096218860510289281e-07
1.479000000000000000e+03 1.098631753288350865e-07
1.480000000000000000e+03 1.101046842693900251e-07
1.481000000000000000e+03 1.103463674709746796e-07
1.482000000000000000e+03 1.105882636931237373e-07
1.483000000000000000e+03 1.108303272630892958e-07
1.484000000000000000e+03 1.110725973266264646e-07
1.485000000000000000e+03 1.113150279629032360e-07
1.486000000000000000e+03 1.115576587287876662e-07
1.487000000000000000e+03 1.118004434332761072e-07
1.488000000000000000e+03 1.120434220259060014e-07
1.489000000000000000e+03 1.122865480666690961e-07
1.490000000000000000e+03 1.125298619207816190e-07
1.491000000000000000e+03 1.127733169203898997e-07
1.492000000000000000e+03 1.130169538498749020e-07
1.493000000000000000e+03 1.132607257673048520e-07
1.494000000000000000e+03 1.135046739004480902e-07
1.495000000000000000e+03 1.137487510524248726e-07
1.496000000000000000e+03 1.139929988761947826e-07
1.497000000000000000e+03 1.142373699186830351e-07
1.498000000000000000e+03 1.144819062779468427e-07
1.499000000000000000e+03 1.147265602709171330e-07
1.500000000000000000e+03 1.149713744123846188e-07
1.501000000000000000e+03 1.152163007869914342e-07
1.502000000000000000e+03 1.154613823468151522e-07
1.503000000000000000e+03 1.157065709483463665e-07
1.504000000000000000e+03 1.159519099517374749e-07
1.505000000000000000e+03 1.161973509854421581e-07
1.506000000000000000e+03 1.164429378605889442e-07
1.507000000000000000e+03 1.166886219916523700e-07
1.508000000000000000e+03 1.169344476019730810e-07
1.509000000000000000e+03 1.171803658584204400e-07
1.510000000000000000e+03 1.174264214709552956e-07
1.511000000000000000e+03 1.176725653518970665e-07
1.512000000000000000e+03 1.179188426645042503e-07
1.513000000000000000e+03 1.181652040916239230e-07
1.514000000000000000e+03 1.184116952233339550e-07
1.515000000000000000e+03 1.186582665096081363e-07
1.516000000000000000e+03 1.189049640070222142e-07
1.517000000000000000e+03 1.191517379282090969e-07
1.518000000000000000e+03 1.193986347648870221e-07
1.519000000000000000e+03 1.196456044915699636e-07
1.520000000000000000e+03 1.198926940506055090e-07
1.521000000000000000e+03 1.201398532009539199e-07
1.522000000000000000e+03 1.203871293134268299e-07
1.523000000000000000e+03 1.206344719139729367e-07
1.524000000000000000e+03 1.208819287928770093e-07
1.525000000000000000e+03 1.211294492394653063e-07
1.526000000000000000e+03 1.213770815063040891e-07
1.527000000000000000e+03 1.216247746419371073e-07
1.528000000000000000e+03 1.218725773318459322e-07
1.529000000000000000e+03 1.221204383965163836e-07
1.530000000000000000e+03 1.223684069502525854e-07
1.531000000000000000e+03 1.226164315513738928e-07
1.532000000000000000e+03 1.228645617640355548e-07
1.533000000000000000e+03 1.231127458937418116e-07
1.534000000000000000e+03 1.233610339337622150e-07
1.535000000000000000e+03 1.236093739162198243e-07
1.536000000000000000e+03 1.238578163056889404e-07
1.537000000000000000e+03 1.241063088643346989e-07
1.538000000000000000e+03 1.243549024807819022e-07
1.539000000000000000e+03 1.246035446364227400e-07
1.540000000000000000e+03 1.248522866477539579e-07
1.541000000000000000e+03 1.251010757223192146e-07
1.542000000000000000e+03 1.253499636195407746e-07
1.543000000000000000e+03 1.255988972441885166e-07
1.544000000000000000e+03 1.258479287827090865e-07
1.545000000000000000e+03 1.260970048654901480e-07
1.546000000000000000e+03 1.263461780856302357e-07
1.547000000000000000e+03 1.265953947885256845e-07
1.548000000000000000e+03 1.268447079686970188e-07
1.549000000000000000e+03 1.270940637044643882e-07
1.550000000000000000e+03 1.273435153761273555e-07
1.551000000000000000e+03 1.275930087621555069e-07
1.552000000000000000e+03 1.278425976171053865e-07
1.553000000000000000e+03 1.280922274188924242e-07
1.554000000000000000e+03 1.283419523312306028e-07
1.555000000000000000e+03 1.285917174989186552e-07
1.556000000000000000e+03 1.288415774745293612e-07
1.557000000000000000e+03 1.290914770954368805e-07
1.558000000000000000e+03 1.293414713206409948e-07
1.559000000000000000e+03 1.295915046001905403e-07
1.560000000000000000e+03 1.298416322947850092e-07
1.561000000000000000e+03 1.300917984828486497e-07
1.562000000000000000e+03 1.303420589294113900e-07
1.563000000000000000e+03 1.305923573655376047e-07
1.564000000000000000e+03 1.308427499216921436e-07
1.565000000000000000e+03 1.310931799587262939e-07
1.566000000000000000e+03 1.313437039418690549e-07
1.567000000000000000e+03 1.315942648745550976e-07
1.568000000000000000e+03 1.318449195844713925e-07
1.569000000000000000e+03 1.320956106979006822e-07
1.570000000000000000e+03 1.323463953995630333e-07
1.571000000000000000e+03 1.325972159357640343e-07
1.572000000000000000e+03 1.328481298320008298e-07
1.573000000000000000e+03 1.330990789003677909e-07
1.574000000000000000e+03 1.333501210142343640e-07
1.575000000000000000e+03 1.336011975901977938e-07
1.576000000000000000e+03 1.338523668267317949e-07
1.577000000000000000e+03 1.341035697518629649e-07
1.578000000000000000e+03 1.343548648687240026e-07
1.579000000000000000e+03 1.346061927455530163e-07
1.580000000000000000e+03 1.348576122419465152e-07
1.581000000000000000e+03 1.351090634849630354e-07
1.582000000000000000e+03 1.353606056141126114e-07
1.583000000000000000e+03 1.356121783261673682e-07
1.584000000000000000e+03 1.358638410472767308e-07
1.585000000000000000e+03 1.361155330399113449e-07
1.586000000000000000e+03 1.363673140130557360e-07
1.587000000000000000e+03 1.366191227883831219e-07
1.588000000000000000e+03 1.368710193326262894e-07
1.589000000000000000e+03 1.371229419794047159e-07
1.590000000000000000e+03 1.373749510056393652e-07
1.591000000000000000e+03 1.376269842739430419e-07
1.592000000000000000e+03 1.378791022969852488e-07
1.593000000000000000e+03 1.381312424673087509e-07
1.594000000000000000e+03 1.383834655501972340e-07
1.595000000000000000e+03 1.386357084820579094e-07
1.596000000000000000e+03 1.388880322428701834e-07
1.597000000000000000e+03 1.391403732714798733e-07
1.598000000000000000e+03 1.393927928371947880e-07
1.599000000000000000e+03 1.396452268303172847e-07
1.600000000000000000e+03 1.398977367606135588e-07
1.601000000000000000e+03 1.401502579977110031e-07
1.602000000000000000e+03 1.404028522793386637e-07
1.603000000000000000e+03 1.406554544890157484e-07
1.604000000000000000e+03 1.409081265854053155e-07
1.605000000000000000e+03 1.411608028817174102e-07
1.606000000000000000e+03 1.414135455922245939e-07
1.607000000000000000e+03 1.416662884874090476e-07
1.608000000000000000e+03 1.419190939934341037e-07
1.609000000000000000e+03 1.421718953348533268e-07
1.610000000000000000e+03 1.424247551395047030e-07
1.611000000000000000e+03 1.426776061232407021e-07
1.612000000000000000e+03 1.429305110973360210e-07
1.613000000000000000e+03 1.431834022277719719e-07
1.614000000000000000e+03 1.434363425220854706e-07
1.615000000000000000e+03 1.436892636020784419e-07
1.616000000000000000e+03 1.439422286493698542e-07
1.617000000000000000e+03 1.441951687300531733e-07
1.618000000000000000e+03 1.444481472122838750e-07
1.619000000000000000e+03 1.447010945997997960e-07
1.620000000000000000e+03 1.449540744382249022e-07
1.621000000000000000e+03 1.452070166643870108e-07
1.622000000000000000e+03 1.454599849959103715e-07
1.623000000000000000e+03 1.457129088234138964e-07
1.624000000000000000e+03 1.459658520205850884e-07
1.625000000000000000e+03 1.462187434274701998e-07
1.626000000000000000e+03 1.464716470638465969e-07
1.627000000000000000e+03 1.467244912198115268e-07
1.628000000000000000e+03 1.469773400913006712e-07
1.629000000000000000e+03 1.472301213807742822e-07
1.630000000000000000e+03 1.474828994731722999e-07
1.631000000000000000e+03 1.477356014736241655e-07
1.632000000000000000e+03 1.479882919052230104e-07
1.633000000000000000e+03 1.482408973456946671e-07
1.634000000000000000e+03 1.484934824495084801e-07
1.635000000000000000e+03 1.487459732507104584e-07
1.636000000000000000e+03 1.489984345651974856e-07
1.637000000000000000e+03 1.492507918468006224e-07
1.638000000000000000e+03 1.495031100854591268e-07
1.639000000000000000e+03 1.497553141227987413e-07
1.640000000000000000e+03 1.500074691138192401e-07
1.641000000000000000e+03 1.502594993677943377e-07
1.642000000000000000e+03 1.505114701804786347e-07
1.643000000000000000e+03 1.507633053276544258e-07
1.644000000000000000e+03 1.510150702317368805e-07
1.645000000000000000e+03 1.512666880883184118e-07
1.646000000000000000e+03 1.515182245236526417e-07
1.647000000000000000e+03 1.517696021747418389e-07
1.648000000000000000e+03 1.520208868192855428e-07
1.649000000000000000e+03 1.522720005484635232e-07
1.650000000000000000e+03 1.525230093283895665e-07
1.651000000000000000e+03 1.527738346518435174e-07
1.652000000000000000e+03 1.530245426895660433e-07
1.653000000000000000e+03 1.532750543786310976e-07
1.654000000000000000e+03 1.535254360934723753e-07
1.655000000000000000e+03 1.537756082028967046e-07
1.656000000000000000e+03 1.540256372538336843e-07
1.657000000000000000e+03 1.542754431126457625e-07
1.658000000000000000e+03 1.545250925183279206e-07
1.659000000000000000e+03 1.547745047704127112e-07
1.660000000000000000e+03 1.550237468619795359e-07
1.661000000000000000e+03 1.552727375298888190e-07
1.662000000000000000e+03 1.555215439769094797e-07
1.663000000000000000e+03 1.557700844262605277e-07
1.664000000000000000e+03 1.560184262769764101e-07
1.665000000000000000e+03 1.562664872650026990e-07
1.666000000000000000e+03 1.565143349814616437e-07
1.667000000000000000e+03 1.567618866980633515e-07
1.668000000000000000e+03 1.570092101782984442e-07
1.669000000000000000e+03 1.572562222318720400e-07
1.670000000000000000e+03 1.575029908864946185e-07
1.671000000000000000e+03 1.577494324674095595e-07
1.672000000000000000e+03 1.579956152108588603e-07
1.673000000000000000e+03 1.582414550201888219e-07
1.674000000000000000e+03 1.584870203229092897e-07
1.675000000000000000e+03 1.587322265982151073e-07
1.676000000000000000e+03 1.589771425268668483e-07
1.677000000000000000e+03 1.592216831571743578e-07
1.678000000000000000e+03 1.594659174336917713e-07
1.679000000000000000e+03 1.597097599519173757e-07
1.680000000000000000e+03 1.599532799462855773e-07
1.681000000000000000e+03 1.601963915997035911e-07
1.682000000000000000e+03 1.604391644423348566e-07
1.683000000000000000e+03 1.606815122520698970e-07
1.684000000000000000e+03 1.609235048318317694e-07
1.685000000000000000e+03 1.611650555462578361e-07
1.686000000000000000e+03 1.614062345173493919e-07
1.687000000000000000e+03 1.616469547507005884e-07
1.688000000000000000e+03 1.618872866778835159e-07
1.689000000000000000e+03 1.621271429483288684e-07
1.690000000000000000e+03 1.623665943235124256e-07
1.691000000000000000e+03 1.626055530858066214e-07
1.692000000000000000e+03 1.628440903271011297e-07
1.693000000000000000e+03 1.630821180125201614e-07
1.694000000000000000e+03 1.633197075553626892e-07
1.695000000000000000e+03 1.635567706200382813e-07
1.696000000000000000e+03 1.637933789754619201e-07
1.697000000000000000e+03 1.640294439595376217e-07
1.698000000000000000e+03 1.642650377471223645e-07
1.699000000000000000e+03 1.645000714087133984e-07
1.700000000000000000e+03 1.647346174251986937e-07
1.701000000000000000e+03 1.649685866311106238e-07
1.702000000000000000e+03 1.652020518991859294e-07
1.703000000000000000e+03 1.654349238113525949e-07
1.704000000000000000e+03 1.656672756068801696e-07
1.705000000000000000e+03 1.658990176635169901e-07
1.706000000000000000e+03 1.661302236193102645e-07
1.707000000000000000e+03 1.663608036242577135e-07
1.708000000000000000e+03 1.665908317282723983e-07
1.709000000000000000e+03 1.668202178676549973e-07
1.710000000000000000e+03 1.670490365264190925e-07
1.711000000000000000e+03 1.672771974545655478e-07
1.712000000000000000e+03 1.675047755666247492e-07
1.713000000000000000e+03 1.677316804202065468e-07
1.714000000000000000e+03 1.679579873747963893e-07
1.715000000000000000e+03 1.681836058485966384e-07
1.716000000000000000e+03 1.684086116604246021e-07
1.717000000000000000e+03 1.686329140711225022e-07
1.718000000000000000e+03 1.688565893731864964e-07
1.719000000000000000e+03 1.690795466899538339e-07
1.720000000000000000e+03 1.693018627614623886e-07
1.721000000000000000e+03 1.695234466288742700e-07
1.722000000000000000e+03 1.697443754928647798e-07
1.723000000000000000e+03 1.699645582917968268e-07
1.724000000000000000e+03 1.701840727346799893e-07
1.725000000000000000e+03 1.704028276778744608e-07
1.726000000000000000e+03 1.706209012726479823e-07
1.727000000000000000e+03 1.708382023108471180e-07
1.728000000000000000e+03 1.710548094724870887e-07
1.729000000000000000e+03 1.712706315010329688e-07
1.730000000000000000e+03 1.714857475377068248e-07
1.731000000000000000e+03 1.717000663300689502e-07
1.732000000000000000e+03 1.719136675314308234e-07
1.733000000000000000e+03 1.721264598304034799e-07
1.734000000000000000e+03 1.723385234024218682e-07
1.735000000000000000e+03 1.725497669005216929e-07
1.736000000000000000e+03 1.727602710081208988e-07
1.737000000000000000e+03 1.729699443991855598e-07
1.738000000000000000e+03 1.731788682746488874e-07
1.739000000000000000e+03 1.733869513099683953e-07
1.740000000000000000e+03 1.735942752244103456e-07
1.741000000000000000e+03 1.738007487168484250e-07
1.742000000000000000e+03 1.740064540324725257e-07
1.743000000000000000e+03 1.742112998902153189e-07
1.744000000000000000e+03 1.744153690503841987e-07
1.745000000000000000e+03 1.746185702780626114e-07
1.746000000000000000e+03 1.748209868691708446e-07
1.747000000000000000e+03 1.750225276268023392e-07
1.748000000000000000e+03 1.752232763700777229e-07
1.749000000000000000e+03 1.754231419637786022e-07
1.750000000000000000e+03 1.756222087507326029e-07
1.751000000000000000e+03 1.758203856572145205e-07
1.752000000000000000e+03 1.760177575557898536e-07
1.753000000000000000e+03 1.762142334413403666e-07
1.754000000000000000e+03 1.764098986945310741e-07
1.755000000000000000e+03 1.766046623882274700e-07
1.756000000000000000e+03 1.767986104230422760e-07
1.757000000000000000e+03 1.769916519548060633e-07
1.758000000000000000e+03 1.771838733994250793e-07
1.759000000000000000e+03 1.773751840063288094e-07
1.760000000000000000e+03 1.775656706940482726e-07
1.761000000000000000e+03 1.777552428063526781e-07
1.762000000000000000e+03 1.779439877596635378e-07
1.763000000000000000e+03 1.781318149988030238e-07
1.764000000000000000e+03 1.783188124347518129e-07
1.765000000000000000e+03 1.785048896111515731e-07
1.766000000000000000e+03 1.786901349315464838e-07
1.767000000000000000e+03 1.788744580442824437e-07
1.768000000000000000e+03 1.790579478316856969e-07
1.769000000000000000e+03 1.792405140416221078e-07
1.770000000000000000e+03 1.794222460319990742e-07
1.771000000000000000e+03 1.796030536568059743e-07
1.772000000000000000e+03 1.797830267398532669e-07
1.773000000000000000e+03 1.799620752410478035e-07
1.774000000000000000e+03 1.801402894357714653e-07
1.775000000000000000e+03 1.803175793894212751e-07
1.776000000000000000e+03 1.804940358210056325e-07
1.777000000000000000e+03 1.806695689059087355e-07
1.778000000000000000e+03 1.808442697911971154e-07
1.779000000000000000e+03 1.810180487586873865e-07
1.780000000000000000e+03 1.811909973790310841e-07
1.781000000000000000e+03 1.813630260328793797e-07
1.782000000000000000e+03 1.815342266989348368e-07
1.783000000000000000e+03 1.817045098610455097e-07
1.784000000000000000e+03 1.818739678918455072e-07
1.785000000000000000e+03 1.820425113678893159e-07
1.786000000000000000e+03 1.822102330474415609e-07
1.787000000000000000e+03 1.823770436012340607e-07
1.788000000000000000e+03 1.825430361572857270e-07
1.789000000000000000e+03 1.827081214760188707e-07
1.790000000000000000e+03 1.828723930447908847e-07
1.791000000000000000e+03 1.830357616992127859e-07
1.792000000000000000e+03 1.831983212776496413e-07
1.793000000000000000e+03 1.833599826862926262e-07
1.794000000000000000e+03 1.835208400928065889e-07
1.795000000000000000e+03 1.836808044797872207e-07
1.796000000000000000e+03 1.838399703290636518e-07
1.797000000000000000e+03 1.839982486860059527e-07
1.798000000000000000e+03 1.841557343324435831e-07
1.799000000000000000e+03 1.843123383709727682e-07
1.800000000000000000e+03 1.844681558686223754e-07
1.801000000000000000e+03 1.846230979824772802e-07
1.802000000000000000e+03 1.847772600503930913e-07
1.803000000000000000e+03 1.849305532736053234e-07
1.804000000000000000e+03 1.850830732373899738e-07
1.805000000000000000e+03 1.852347311851432251e-07
1.806000000000000000e+03 1.853856229388523727e-07
1.807000000000000000e+03 1.855356597767422970e-07
1.808000000000000000e+03 1.856849377382676380e-07
1.809000000000000000e+03 1.858333681256706838e-07
1.810000000000000000e+03 1.859810471838130462e-07
1.811000000000000000e+03 1.861278862298242262e-07
1.812000000000000000e+03 1.862739817008065276e-07
1.813000000000000000e+03 1.864192449258684824e-07
1.814000000000000000e+03 1.865637725070400854e-07
1.815000000000000000e+03 1.867074757816598524e-07
1.816000000000000000e+03 1.868504515070054974e-07
1.817000000000000000e+03 1.869926110166487277e-07
1.818000000000000000e+03 1.871340512044414733e-07
1.819000000000000000e+03 1.872746833995274179e-07
1.820000000000000000e+03 1.874146046082420581e-07
1.821000000000000000e+03 1.875537261482257350e-07
1.822000000000000000e+03 1.876921451302396874e-07
1.823000000000000000e+03 1.878297728484446089e-07
1.824000000000000000e+03 1.879667065051510181e-07
1.825000000000000000e+03 1.881028573626466323e-07
1.826000000000000000e+03 1.882383227036662661e-07
1.827000000000000000e+03 1.883730137468588964e-07
1.828000000000000000e+03 1.885070278412687297e-07
1.829000000000000000e+03 1.886402761576576029e-07
1.830000000000000000e+03 1.887728560928723711e-07
1.831000000000000000e+03 1.889046787662952818e-07
1.832000000000000000e+03 1.890358416061776779e-07
1.833000000000000000e+03 1.891662556782997621e-07
1.834000000000000000e+03 1.892960184281028813e-07
1.835000000000000000e+03 1.894250408559280406e-07
1.836000000000000000e+03 1.895534204209897395e-07
1.837000000000000000e+03 1.896810680411194508e-07
1.838000000000000000e+03 1.898080811692379015e-07
1.839000000000000000e+03 1.899343706602674275e-07
1.840000000000000000e+03 1.900600339377723408e-07
1.841000000000000000e+03 1.901849817896491014e-07
1.842000000000000000e+03 1.903093115989804374e-07
1.843000000000000000e+03 1.904329340681507563e-07
1.844000000000000000e+03 1.905559465458183351e-07
1.845000000000000000e+03 1.906782596523859622e-07
1.846000000000000000e+03 1.907999706700998198e-07
1.847000000000000000e+03 1.909209901332739998e-07
1.848000000000000000e+03 1.910414152571421230e-07
1.849000000000000000e+03 1.911611564872655335e-07
1.850000000000000000e+03 1.912803109545084208e-07
1.851000000000000000e+03 1.913987890206260011e-07
1.852000000000000000e+03 1.915166877374146116e-07
1.853000000000000000e+03 1.916339173567595809e-07
1.854000000000000000e+03 1.917505748408920617e-07
1.855000000000000000e+03 1.918665703460911858e-07
1.856000000000000000e+03 1.919820007371752405e-07
1.857000000000000000e+03 1.920967760787819894e-07
1.858000000000000000e+03 1.922109931073297690e-07
1.859000000000000000e+03 1.923245618032160576e-07
1.860000000000000000e+03 1.924375787872228095e-07
1.861000000000000000e+03 1.925499539395344527e-07
1.862000000000000000e+03 1.926617837678858332e-07
1.863000000000000000e+03 1.927729780516860841e-07
1.864000000000000000e+03 1.928836331657216659e-07
1.865000000000000000e+03 1.929936587858327962e-07
1.866000000000000000e+03 1.931031511533148930e-07
1.867000000000000000e+03 1.932120198572558534e-07
1.868000000000000000e+03 1.933203610051695737e-07
1.869000000000000000e+03 1.934280840979424101e-07
1.870000000000000000e+03 1.935352850927614306e-07
1.871000000000000000e+03 1.936418734041386332e-07
1.872000000000000000e+03 1.937479448449568737e-07
1.873000000000000000e+03 1.938534087453347370e-07
1.874000000000000000e+03 1.939583607645573800e-07
1.875000000000000000e+03 1.940627101537212753e-07
1.876000000000000000e+03 1.941665524124764682e-07
1.877000000000000000e+03 1.942697967031415905e-07
1.878000000000000000e+03 1.943725384109171575e-07
1.879000000000000000e+03 1.944746866218628422e-07
1.880000000000000000e+03 1.945763365657966569e-07
1.881000000000000000e+03 1.946773972584300179e-07
1.882000000000000000e+03 1.947779637695860484e-07
1.883000000000000000e+03 1.948779450492918040e-07
1.884000000000000000e+03 1.949774360020501965e-07
1.885000000000000000e+03 1.950763455169407932e-07
1.886000000000000000e+03 1.951747683313640580e-07
1.887000000000000000e+03 1.952726133179621957e-07
1.888000000000000000e+03 1.953699750441785092e-07
1.889000000000000000e+03 1.954667623288315006e-07
1.890000000000000000e+03 1.955630696071858020e-07
1.891000000000000000e+03 1.956588056950969940e-07
1.892000000000000000e+03 1.957540648498349729e-07
1.893000000000000000e+03 1.958487558505447792e-07
1.894000000000000000e+03 1.959429727771052430e-07
1.895000000000000000e+03 1.960366244148693091e-07
1.896000000000000000e+03 1.961298047116937586e-07
1.897000000000000000e+03 1.962224223796249904e-07
1.898000000000000000e+03 1.963145712331286400e-07
1.899000000000000000e+03 1.964061600451263056e-07
1.900000000000000000e+03 1.964972824535805381e-07
1.901000000000000000e+03 1.965878472155735254e-07
1.902000000000000000e+03 1.966779478362204416e-07
1.903000000000000000e+03 1.967674930640206751e-07
1.904000000000000000e+03 1.968565762701869113e-07
1.905000000000000000e+03 1.969451062461612294e-07
1.906000000000000000e+03 1.970331761868205989e-07
1.907000000000000000e+03 1.971206949326573477e-07
1.908000000000000000e+03 1.972077555446502975e-07
1.909000000000000000e+03 1.972942669195434725e-07
1.910000000000000000e+03 1.973803219892680542e-07
1.911000000000000000e+03 1.974658296724304373e-07
1.912000000000000000e+03 1.975508827315372408e-07
1.913000000000000000e+03 1.976353901960110947e-07
1.914000000000000000e+03 1.977194447022113777e-07
1.915000000000000000e+03 1.978029553135265819e-07
1.916000000000000000e+03 1.978860145457911328e-07
1.917000000000000000e+03 1.979685315419802353e-07
1.918000000000000000e+03 1.980505986999084350e-07
1.919000000000000000e+03 1.981321252092469632e-07
1.920000000000000000e+03 1.982132033525078997e-07
1.921000000000000000e+03 1.982937424126823722e-07
1.922000000000000000e+03 1.983738345151392402e-07
1.923000000000000000e+03 1.984533890894843906e-07
1.924000000000000000e+03 1.985324981413677877e-07
1.925000000000000000e+03 1.986110711720336062e-07
1.926000000000000000e+03 1.986892000710763056e-07
1.927000000000000000e+03 1.987667944600872166e-07
1.928000000000000000e+03 1.988439461115493882e-07
1.929000000000000000e+03 1.989205647769869935e-07
1.930000000000000000e+03 1.989967420671967472e-07
1.931000000000000000e+03 1.990723878736446562e-07
1.932000000000000000e+03 1.991475937275732274e-07
1.933000000000000000e+03 1.992222696223701951e-07
1.934000000000000000e+03 1.992965069349338137e-07
1.935000000000000000e+03 1.993702158033914311e-07
1.936000000000000000e+03 1.994434874878825480e-07
1.937000000000000000e+03 1.995162322781311223e-07
1.938000000000000000e+03 1.995885413149646526e-07
1.939000000000000000e+03 1.996603250410841852e-07
1.940000000000000000e+03 1.997316744412213284e-07
1.941000000000000000e+03 1.998025001186769312e-07
1.942000000000000000e+03 1.998728929338855197e-07
1.943000000000000000e+03 1.999427636139165824e-07
1.944000000000000000e+03 2.000122029026848609e-07
1.945000000000000000e+03 2.000811216922718410e-07
1.946000000000000000e+03 2.001496105638281864e-07
1.947000000000000000e+03 2.002175805423468962e-07
1.948000000000000000e+03 2.002851220818844640e-07
1.949000000000000000e+03 2.003521464224355205e-07
1.950000000000000000e+03 2.004187438495929028e-07
1.951000000000000000e+03 2.004848257369909386e-07
1.952000000000000000e+03 2.005504822420919762e-07
1.953000000000000000e+03 2.006156248698044624e-07
1.954000000000000000e+03 2.006803436447570006e-07
1.955000000000000000e+03 2.007445502451167740e-07
1.956000000000000000e+03 2.008083345188610974e-07
1.957000000000000000e+03 2.008716082767318126e-07
1.958000000000000000e+03 2.009344612274746114e-07
1.959000000000000000e+03 2.009968053535814536e-07
1.960000000000000000e+03 2.010587301805105302e-07
1.961000000000000000e+03 2.011201478267782132e-07
1.962000000000000000e+03 2.011811476296964266e-07
1.963000000000000000e+03 2.012416418659226995e-07
1.964000000000000000e+03 2.013017197059256736e-07
1.965000000000000000e+03 2.013612935667116580e-07
1.966000000000000000e+03 2.014204524331870073e-07
1.967000000000000000e+03 2.014791088637544316e-07
1.968000000000000000e+03 2.015373516456677148e-07
1.969000000000000000e+03 2.015950934634821809e-07
1.970000000000000000e+03 2.016524229008447720e-07
1.971000000000000000e+03 2.017092527644594481e-07
1.972000000000000000e+03 2.017656714186209997e-07
1.973000000000000000e+03 2.018215918193345903e-07
1.974000000000000000e+03 2.018771021035838720e-07
1.975000000000000000e+03 2.019321153515701087e-07
1.976000000000000000e+03 2.019867194758546730e-07
1.977000000000000000e+03 2.020408276851662052e-07
1.978000000000000000e+03 2.020945276575844884e-07
1.979000000000000000e+03 2.021477327385268871e-07
1.980000000000000000e+03 2.022005303816276116e-07
1.981000000000000000e+03 2.022528340434510544e-07
1.982000000000000000e+03 2.023047309371466225e-07
1.983000000000000000e+03 2.023561345992775294e-07
1.984000000000000000e+03 2.024071319771221393e-07
1.985000000000000000e+03 2.024576367493946937e-07
1.986000000000000000e+03 2.025077355543211453e-07
1.987000000000000000e+03 2.025573422379482325e-07
1.988000000000000000e+03 2.026065431483457428e-07
1.989000000000000000e+03 2.026552522572649741e-07
1.990000000000000000e+03 2.027035556122130608e-07
1.991000000000000000e+03 2.027513672902237374e-07
1.992000000000000000e+03 2.027987731268799889e-07
1.993000000000000000e+03 2.028456873896275505e-07
1.994000000000000000e+03 2.028921963205536475e-07
1.995000000000000000e+03 2.029382142065347393e-07
1.996000000000000000e+03 2.029838269514510038e-07
1.997000000000000000e+03 2.030289478972474202e-07
1.998000000000000000e+03 2.030736619788202064e-07
1.999000000000000000e+03 2.031178823633731125e-07
2.000000000000000000e+03 2.031616965621772349e-07
