2.000000000000000000e+00 4.386603885517224969e-07
3.000000000000000000e+00 4.005193612351700163e-07
4.000000000000000000e+00 3.870894151022276151e-07
5.000000000000000000e+00 3.807400356975984695e-07
6.000000000000000000e+00 3.772382635556909960e-07
7.000000000000000000e+00 3.751170589781866373e-07
8.000000000000000000e+00 3.737512625507927496e-07
9.000000000000000000e+00 3.728370281357923658e-07
1.000000000000000000e+01 3.722110171314922886e-07
1.100000000000000000e+01 3.717795429769338050e-07
1.200000000000000000e+01 3.714850515179059017e-07
1.300000000000000000e+01 3.712912097950245185e-07
1.400000000000000000e+01 3.711735435757333190e-07
1.500000000000000000e+01 3.711156323668005648e-07
1.600000000000000000e+01 3.711056150846042127e-07
1.700000000000000000e+01 3.711352520452698433e-07
1.800000000000000000e+01 3.711981924760202820e-07
1.900000000000000000e+01 3.712899567549274686e-07
2.000000000000000000e+01 3.714068962861319962e-07
2.100000000000000000e+01 3.715464248352780490e-07
2.200000000000000000e+01 3.717062979164265966e-07
2.300000000000000000e+01 3.718849688408923695e-07
2.400000000000000000e+01 3.720809759848368139e-07
2.500000000000000000e+01 3.722933647426519993e-07
2.600000000000000000e+01 3.725211513611723038e-07
2.700000000000000000e+01 3.727637197908226779e-07
2.800000000000000000e+01 3.730203842114030696e-07
2.900000000000000000e+01 3.732907497355508581e-07
3.000000000000000000e+01 3.735743174954326602e-07
3.100000000000000000e+01 3.738708356589568089e-07
3.200000000000000000e+01 3.741799236300681757e-07
3.300000000000000000e+01 3.745014284374237656e-07
3.400000000000000000e+01 3.748350555532351710e-07
3.500000000000000000e+01 3.751807116717928289e-07
3.600000000000000000e+01 3.755381702473827671e-07
3.700000000000000000e+01 3.759073754978589567e-07
3.800000000000000000e+01 3.762881448504087777e-07
3.900000000000000000e+01 3.766804581449017964e-07
4.000000000000000000e+01 3.770841612701717914e-07
4.100000000000000000e+01 3.774992574031140342e-07
4.200000000000000000e+01 3.779256196395350609e-07
4.300000000000000000e+01 3.783632592486274877e-07
4.400000000000000000e+01 3.788120728962925063e-07
4.500000000000000000e+01 3.792720850301479411e-07
4.600000000000000000e+01 3.797432047902235194e-07
4.700000000000000000e+01 3.802254681759386779e-07
4.800000000000000000e+01 3.807187922188659509e-07
4.900000000000000000e+01 3.812232203559313995e-07
5.000000000000000000e+01 3.817386808474554630e-07
5.100000000000000000e+01 3.822652190658626507e-07
5.200000000000000000e+01 3.828027714949330572e-07
5.300000000000000000e+01 3.833513889390065977e-07
5.400000000000000000e+01 3.839110148922961383e-07
5.500000000000000000e+01 3.844816997765949394e-07
5.600000000000000000e+01 3.850633924503229002e-07
5.700000000000000000e+01 3.856561510171162472e-07
5.800000000000000000e+01 3.862599253651521565e-07
5.900000000000000000e+01 3.868747703118183591e-07
6.000000000000000000e+01 3.875006451538872579e-07
6.100000000000000000e+01 3.881376040936319458e-07
6.200000000000000000e+01 3.887856114747803798e-07
6.300000000000000000e+01 3.894447210076986804e-07
6.400000000000000000e+01 3.901148979247688863e-07
6.500000000000000000e+01 3.907962023565187275e-07
6.600000000000000000e+01 3.914885978848294762e-07
6.700000000000000000e+01 3.921921436603474794e-07
6.800000000000000000e+01 3.929068071402121700e-07
6.900000000000000000e+01 3.936326473818924061e-07
7.000000000000000000e+01 3.943696340986761614e-07
7.100000000000000000e+01 3.951178260821723162e-07
7.200000000000000000e+01 3.958771949636831558e-07
7.300000000000000000e+01 3.966478024933428149e-07
7.400000000000000000e+01 3.974296184271487857e-07
7.500000000000000000e+01 3.982227022580830339e-07
7.600000000000000000e+01 3.990270267545269491e-07
7.700000000000000000e+01 3.998426507811494971e-07
7.800000000000000000e+01 4.006695518329079446e-07
7.900000000000000000e+01 4.015077844280901422e-07
8.000000000000000000e+01 4.023573288797152433e-07
8.100000000000000000e+01 4.032182372393896069e-07
8.200000000000000000e+01 4.040904918430198590e-07
8.300000000000000000e+01 4.049741465003952592e-07
8.400000000000000000e+01 4.058691811685328363e-07
8.500000000000000000e+01 4.067756498485696632e-07
8.600000000000000000e+01 4.076935320570671184e-07
8.700000000000000000e+01 4.086228811651276279e-07
8.800000000000000000e+01 4.095636765677872180e-07
8.900000000000000000e+01 4.105159746495052938e-07
9.000000000000000000e+01 4.114797508991921996e-07
9.100000000000000000e+01 4.124550626853295498e-07
9.200000000000000000e+01 4.134418871398426425e-07
9.300000000000000000e+01 4.144402781814109521e-07
9.400000000000000000e+01 4.154502170017433766e-07
9.500000000000000000e+01 4.164717518998473792e-07
9.600000000000000000e+01 4.175048619625503782e-07
9.700000000000000000e+01 4.185495998747907202e-07
9.800000000000000000e+01 4.196059437642825238e-07
9.900000000000000000e+01 4.206739433473256256e-07
1.000000000000000000e+02 4.217535761138908620e-07
1.010000000000000000e+02 4.228448900495766235e-07
1.020000000000000000e+02 4.239478617951714534e-07
1.030000000000000000e+02 4.250625418094495414e-07
1.040000000000000000e+02 4.261889018248002552e-07
1.050000000000000000e+02 4.273269925998284955e-07
1.060000000000000000e+02 4.284767871243933801e-07
1.070000000000000000e+02 4.296383317532301978e-07
1.080000000000000000e+02 4.308115990827956785e-07
1.090000000000000000e+02 4.319966328268031159e-07
1.100000000000000000e+02 4.331934047696164550e-07
1.110000000000000000e+02 4.344019564909995094e-07
1.120000000000000000e+02 4.356222627647425108e-07
1.130000000000000000e+02 4.368543588380338876e-07
1.140000000000000000e+02 4.380982202245807147e-07
1.150000000000000000e+02 4.393538823030290281e-07
1.160000000000000000e+02 4.406213162803189829e-07
1.170000000000000000e+02 4.419005517614805484e-07
1.180000000000000000e+02 4.431915618335614024e-07
1.190000000000000000e+02 4.444943763725177023e-07
1.200000000000000000e+02 4.458089639849148663e-07
1.210000000000000000e+02 4.471353531327612939e-07
1.220000000000000000e+02 4.484735052708887604e-07
1.230000000000000000e+02 4.498234513159987291e-07
1.240000000000000000e+02 4.511851524993468818e-07
1.250000000000000000e+02 4.525586352320896172e-07
1.260000000000000000e+02 4.539438544799971117e-07
1.270000000000000000e+02 4.553408381301693983e-07
1.280000000000000000e+02 4.567495413150114866e-07
1.290000000000000000e+02 4.581699822420250733e-07
1.300000000000000000e+02 4.596021141203236821e-07
1.310000000000000000e+02 4.610459542357166727e-07
1.320000000000000000e+02 4.625014581713492732e-07
1.330000000000000000e+02 4.639686312362253147e-07
1.340000000000000000e+02 4.654474287790488814e-07
1.350000000000000000e+02 4.669378581019717916e-07
1.360000000000000000e+02 4.684398640802681384e-07
1.370000000000000000e+02 4.699534522365276752e-07
1.380000000000000000e+02 4.714785660237579210e-07
1.390000000000000000e+02 4.730152036927576478e-07
1.400000000000000000e+02 4.745633105400407038e-07
1.410000000000000000e+02 4.761228747849707381e-07
1.420000000000000000e+02 4.776938407931358085e-07
1.430000000000000000e+02 4.792761945632910435e-07
1.440000000000000000e+02 4.808698737187684486e-07
1.450000000000000000e+02 4.824748652057516325e-07
1.460000000000000000e+02 4.840910971108093246e-07
1.470000000000000000e+02 4.857185494376456334e-07
1.480000000000000000e+02 4.873571486130962862e-07
1.490000000000000000e+02 4.890068745015151308e-07
1.500000000000000000e+02 4.906676449084210934e-07
1.510000000000000000e+02 4.923394371726705740e-07
1.520000000000000000e+02 4.940221627663491219e-07
1.530000000000000000e+02 4.957157907718091912e-07
1.540000000000000000e+02 4.974202318414276082e-07
1.550000000000000000e+02 4.991354542415708136e-07
1.560000000000000000e+02 5.008613550093337123e-07
1.570000000000000000e+02 5.025978993526995058e-07
1.580000000000000000e+02 5.043449806150489278e-07
1.590000000000000000e+02 5.061025604005621796e-07
1.600000000000000000e+02 5.078705266782348019e-07
1.610000000000000000e+02 5.096488318346878214e-07
1.620000000000000000e+02 5.114373582719264585e-07
1.630000000000000000e+02 5.132360570218811365e-07
1.640000000000000000e+02 5.150447994061093404e-07
1.650000000000000000e+02 5.168635328041806355e-07
1.660000000000000000e+02 5.186921256017486437e-07
1.670000000000000000e+02 5.205305156171708421e-07
1.680000000000000000e+02 5.223785607216056987e-07
1.690000000000000000e+02 5.242361970998154311e-07
1.700000000000000000e+02 5.261032799731202227e-07
1.710000000000000000e+02 5.279797360983214029e-07
1.720000000000000000e+02 5.298654157293679049e-07
1.730000000000000000e+02 5.317602385453762531e-07
1.740000000000000000e+02 5.336640493743916323e-07
1.750000000000000000e+02 5.355767557094840777e-07
1.760000000000000000e+02 5.374981966544775391e-07
1.770000000000000000e+02 5.394282762250109672e-07
1.780000000000000000e+02 5.413668332962496502e-07
1.790000000000000000e+02 5.433137550098873909e-07
1.800000000000000000e+02 5.452688771047079507e-07
1.810000000000000000e+02 5.472320753543893938e-07
1.820000000000000000e+02 5.492031814891836220e-07
1.830000000000000000e+02 5.511820727384906398e-07
1.840000000000000000e+02 5.531685592597289255e-07
1.850000000000000000e+02 5.551625203281227616e-07
1.860000000000000000e+02 5.571637588436113256e-07
1.870000000000000000e+02 5.591721463492804410e-07
1.880000000000000000e+02 5.611874776473838051e-07
1.890000000000000000e+02 5.632096125950223226e-07
1.900000000000000000e+02 5.652383439412782491e-07
1.910000000000000000e+02 5.672735288468964258e-07
1.920000000000000000e+02 5.693149494387980198e-07
1.930000000000000000e+02 5.713624521733538719e-07
1.940000000000000000e+02 5.734158110915473808e-07
1.950000000000000000e+02 5.754748763181001098e-07
1.960000000000000000e+02 5.775394025585834706e-07
1.970000000000000000e+02 5.796092383520570439e-07
1.980000000000000000e+02 5.816841372938483587e-07
1.990000000000000000e+02 5.837639333145663915e-07
2.000000000000000000e+02 5.858483746388701530e-07
2.010000000000000000e+02 5.879372862479991347e-07
2.020000000000000000e+02 5.900304104714624047e-07
2.030000000000000000e+02 5.921275706049215713e-07
2.040000000000000000e+02 5.942285030554375823e-07
2.050000000000000000e+02 5.963330151397465911e-07
2.060000000000000000e+02 5.984408434212159235e-07
2.070000000000000000e+02 6.005517910676827494e-07
2.080000000000000000e+02 6.026655799191415367e-07
2.090000000000000000e+02 6.047820135291047317e-07
2.100000000000000000e+02 6.069008106249171271e-07
2.110000000000000000e+02 6.090217601115282609e-07
2.120000000000000000e+02 6.111445819727077547e-07
2.130000000000000000e+02 6.132690562314421197e-07
2.140000000000000000e+02 6.153948949882243119e-07
2.150000000000000000e+02 6.175218769491548020e-07
2.160000000000000000e+02 6.196497149224371848e-07
2.170000000000000000e+02 6.217781719531308474e-07
2.180000000000000000e+02 6.239069591873704772e-07
2.190000000000000000e+02 6.260358362120165775e-07
2.200000000000000000e+02 6.281645061316948513e-07
2.210000000000000000e+02 6.302927298436913106e-07
2.220000000000000000e+02 6.324202055106689611e-07
2.230000000000000000e+02 6.345466865405593507e-07
2.240000000000000000e+02 6.366718671254738416e-07
2.250000000000000000e+02 6.387955020558186422e-07
2.260000000000000000e+02 6.409172761481600018e-07
2.270000000000000000e+02 6.430369433708073019e-07
2.280000000000000000e+02 6.451541889788631715e-07
2.290000000000000000e+02 6.472687598522537373e-07
2.300000000000000000e+02 6.493803399490086410e-07
2.310000000000000000e+02 6.514886724664604280e-07
2.320000000000000000e+02 6.535934401278145217e-07
2.330000000000000000e+02 6.556943897039762854e-07
2.340000000000000000e+02 6.577911970064313263e-07
2.350000000000000000e+02 6.598836100167414700e-07
2.360000000000000000e+02 6.619713013026705466e-07
2.370000000000000000e+02 6.640540199694717594e-07
2.380000000000000000e+02 6.661314426885891740e-07
2.390000000000000000e+02 6.682033138709135210e-07
2.400000000000000000e+02 6.702693060626798058e-07
2.410000000000000000e+02 6.723291746877503674e-07
2.420000000000000000e+02 6.743825851803434667e-07
2.430000000000000000e+02 6.764292929373267144e-07
2.440000000000000000e+02 6.784689727147175498e-07
2.450000000000000000e+02 6.805013761950118668e-07
2.460000000000000000e+02 6.825261768501762962e-07
2.470000000000000000e+02 6.845431326395825543e-07
2.480000000000000000e+02 6.865519244545421337e-07
2.490000000000000000e+02 6.885523087468674525e-07
2.500000000000000000e+02 6.905439656875628200e-07
2.510000000000000000e+02 6.925266595869386414e-07
2.520000000000000000e+02 6.945000789371455501e-07
2.530000000000000000e+02 6.964639880153869274e-07
2.540000000000000000e+02 6.984180816235469075e-07
2.550000000000000000e+02 7.003621272150382055e-07
2.560000000000000000e+02 7.022958259629284732e-07
2.570000000000000000e+02 7.042189496328031622e-07
2.580000000000000000e+02 7.061312060957984913e-07
2.590000000000000000e+02 7.080323723210671467e-07
2.600000000000000000e+02 7.099221632841223839e-07
2.610000000000000000e+02 7.118003618939007034e-07
2.620000000000000000e+02 7.136666906972904604e-07
2.630000000000000000e+02 7.155209451159751465e-07
2.640000000000000000e+02 7.173628498109650379e-07
2.650000000000000000e+02 7.191922103132786755e-07
2.660000000000000000e+02 7.210087569711276774e-07
2.670000000000000000e+02 7.228123110182729002e-07
2.680000000000000000e+02 7.246026038968361909e-07
2.690000000000000000e+02 7.263794697499435985e-07
2.700000000000000000e+02 7.281426507387770395e-07
2.710000000000000000e+02 7.298919876014286912e-07
2.720000000000000000e+02 7.316272374783726865e-07
2.730000000000000000e+02 7.333482448501562969e-07
2.740000000000000000e+02 7.350547791206516169e-07
2.750000000000000000e+02 7.367466923696426840e-07
2.760000000000000000e+02 7.384237715357835291e-07
2.770000000000000000e+02 7.400858831903678487e-07
2.780000000000000000e+02 7.417328175531516500e-07
2.790000000000000000e+02 7.433644536199771504e-07
2.800000000000000000e+02 7.449805957681904643e-07
2.810000000000000000e+02 7.465811352130509614e-07
2.820000000000000000e+02 7.481658888470418624e-07
2.830000000000000000e+02 7.497347601954668147e-07
2.840000000000000000e+02 7.512875786411033046e-07
2.850000000000000000e+02 7.528242546413723022e-07
2.860000000000000000e+02 7.543446357118537371e-07
2.870000000000000000e+02 7.558486477224132223e-07
2.880000000000000000e+02 7.573361480527026881e-07
2.890000000000000000e+02 7.588070814546760654e-07
2.900000000000000000e+02 7.602613119346014342e-07
2.910000000000000000e+02 7.616987946653970193e-07
2.920000000000000000e+02 7.631194143708660292e-07
2.930000000000000000e+02 7.645231386134626795e-07
2.940000000000000000e+02 7.659098680648196777e-07
2.950000000000000000e+02 7.672795776955272079e-07
2.960000000000000000e+02 7.686321831972098096e-07
2.970000000000000000e+02 7.699676750934376754e-07
2.980000000000000000e+02 7.712859835832151190e-07
2.990000000000000000e+02 7.725871126988073340e-07
3.000000000000000000e+02 7.738710067948405540e-07
3.010000000000000000e+02 7.751376881707922514e-07
3.020000000000000000e+02 7.763871047122219453e-07
3.030000000000000000e+02 7.776192992329242096e-07
3.040000000000000000e+02 7.788342334204956854e-07
3.050000000000000000e+02 7.800319618781342472e-07
3.060000000000000000e+02 7.812124585505715362e-07
3.070000000000000000e+02 7.823757912093558134e-07
3.080000000000000000e+02 7.835219508303612184e-07
3.090000000000000000e+02 7.846510182194614343e-07
3.100000000000000000e+02 7.857629985166458263e-07
3.110000000000000000e+02 7.868579852082925908e-07
3.120000000000000000e+02 7.879359966574993008e-07
3.130000000000000000e+02 7.889971337973910596e-07
3.140000000000000000e+02 7.900414325776716051e-07
3.150000000000000000e+02 7.910690083773264472e-07
3.160000000000000000e+02 7.920799067604808568e-07
3.170000000000000000e+02 7.930742552530061706e-07
3.180000000000000000e+02 7.940521104254709732e-07
3.190000000000000000e+02 7.950136160540129198e-07
3.200000000000000000e+02 7.959588394716617856e-07
3.210000000000000000e+02 7.968879328483066731e-07
3.220000000000000000e+02 7.978009786928587211e-07
3.230000000000000000e+02 7.986981388497401643e-07
3.240000000000000000e+02 7.995795080835765613e-07
3.250000000000000000e+02 8.004452530527094142e-07
3.260000000000000000e+02 8.012954843812812784e-07
3.270000000000000000e+02 8.021303847666097233e-07
3.280000000000000000e+02 8.029500681196883051e-07
3.290000000000000000e+02 8.037547285501434845e-07
3.300000000000000000e+02 8.045444868018235138e-07
3.310000000000000000e+02 8.053195470148814279e-07
3.320000000000000000e+02 8.060800459851399026e-07
3.330000000000000000e+02 8.068261923500865352e-07
3.340000000000000000e+02 8.075581296128877907e-07
3.350000000000000000e+02 8.082760769605649972e-07
3.360000000000000000e+02 8.089801853514447873e-07
3.370000000000000000e+02 8.096706820950678107e-07
3.380000000000000000e+02 8.103477294882671869e-07
3.390000000000000000e+02 8.110115576204261609e-07
3.400000000000000000e+02 8.116623373218822184e-07
3.410000000000000000e+02 8.123003072868912137e-07
3.420000000000000000e+02 8.129256414345861662e-07
3.430000000000000000e+02 8.135385889999102488e-07
3.440000000000000000e+02 8.141393283386381679e-07
3.450000000000000000e+02 8.147281118551361082e-07
3.460000000000000000e+02 8.153051263991597379e-07
3.470000000000000000e+02 8.158706326308258575e-07
3.480000000000000000e+02 8.164248190612020068e-07
3.490000000000000000e+02 8.169679520835738540e-07
3.500000000000000000e+02 8.175002271476896020e-07
3.510000000000000000e+02 8.180219111656693866e-07
3.520000000000000000e+02 8.185332042238060499e-07
3.530000000000000000e+02 8.190343791861304068e-07
3.540000000000000000e+02 8.195256357500811080e-07
3.550000000000000000e+02 8.200072545236100793e-07
3.560000000000000000e+02 8.204794361834833948e-07
3.570000000000000000e+02 8.209424660644253687e-07
3.580000000000000000e+02 8.213965457629487777e-07
3.590000000000000000e+02 8.218419640875676259e-07
3.600000000000000000e+02 8.222789232754650002e-07
3.610000000000000000e+02 8.227077147230545403e-07
3.620000000000000000e+02 8.231285448989870881e-07
3.630000000000000000e+02 8.235417031178212355e-07
3.640000000000000000e+02 8.239474015667096813e-07
3.650000000000000000e+02 8.243459249861763507e-07
3.660000000000000000e+02 8.247374883781108013e-07
3.670000000000000000e+02 8.251223816183388433e-07
3.680000000000000000e+02 8.255008135881686254e-07
3.690000000000000000e+02 8.258730794324549692e-07
3.700000000000000000e+02 8.262393851364566485e-07
3.710000000000000000e+02 8.266000242218572365e-07
3.720000000000000000e+02 8.269552077791247464e-07
3.730000000000000000e+02 8.273052246341904032e-07
3.740000000000000000e+02 8.276502870554130130e-07
3.750000000000000000e+02 8.279906808779053094e-07
3.760000000000000000e+02 8.283266183704720613e-07
3.770000000000000000e+02 8.286583862618206684e-07
3.780000000000000000e+02 8.289861923763670372e-07
3.790000000000000000e+02 8.293103260118469442e-07
3.800000000000000000e+02 8.296309919232691349e-07
3.810000000000000000e+02 8.299484719785001396e-07
3.820000000000000000e+02 8.302629753519415178e-07
3.830000000000000000e+02 8.305747793371644591e-07
3.840000000000000000e+02 8.308840898806988500e-07
3.850000000000000000e+02 8.311911874324467269e-07
3.860000000000000000e+02 8.314962717562351712e-07
3.870000000000000000e+02 8.317996153902971154e-07
3.880000000000000000e+02 8.321014209672121085e-07
3.890000000000000000e+02 8.324019594553998277e-07
3.900000000000000000e+02 8.327014291402753074e-07
3.910000000000000000e+02 8.330000943330200341e-07
3.920000000000000000e+02 8.332981535062173832e-07
3.930000000000000000e+02 8.335958693288247513e-07
3.940000000000000000e+02 8.338934349081147967e-07
3.950000000000000000e+02 8.341911096050710310e-07
3.960000000000000000e+02 8.344890788745190545e-07
3.970000000000000000e+02 8.347876019319033777e-07
3.980000000000000000e+02 8.350868619797203845e-07
3.990000000000000000e+02 8.353871124106641489e-07
4.000000000000000000e+02 8.356885327404807646e-07
4.010000000000000000e+02 8.359913717257674295e-07
4.020000000000000000e+02 8.362958049125247573e-07
4.030000000000000000e+02 8.366020799848514394e-07
4.040000000000000000e+02 8.369103647979499205e-07
4.050000000000000000e+02 8.372209040739726833e-07
4.060000000000000000e+02 8.375338596495354948e-07
4.070000000000000000e+02 8.378494727952456097e-07
4.080000000000000000e+02 8.381679032041704201e-07
4.090000000000000000e+02 8.384893813866087242e-07
4.100000000000000000e+02 8.388140667292724025e-07
4.110000000000000000e+02 8.391421858044188987e-07
4.120000000000000000e+02 8.394738920183361677e-07
4.130000000000000000e+02 8.398094104812053775e-07
4.140000000000000000e+02 8.401488828197678931e-07
4.150000000000000000e+02 8.404925342447295878e-07
4.160000000000000000e+02 8.408405017092789416e-07
4.170000000000000000e+02 8.411930013554979388e-07
4.180000000000000000e+02 8.415501680723295088e-07
4.190000000000000000e+02 8.419122117819800489e-07
4.200000000000000000e+02 8.422792635117856933e-07
4.210000000000000000e+02 8.426515274870349701e-07
4.220000000000000000e+02 8.430291304747510809e-07
4.230000000000000000e+02 8.434122711941421609e-07
4.240000000000000000e+02 8.438010685476805270e-07
4.250000000000000000e+02 8.441957192781282817e-07
4.260000000000000000e+02 8.445963361203997803e-07
4.270000000000000000e+02 8.450031121596121578e-07
4.280000000000000000e+02 8.454161509326602684e-07
4.290000000000000000e+02 8.458356414756397305e-07
4.300000000000000000e+02 8.462616868252249031e-07
4.310000000000000000e+02 8.466944616716782833e-07
4.320000000000000000e+02 8.471340690541717070e-07
4.330000000000000000e+02 8.475806777948199744e-07
4.340000000000000000e+02 8.480343852459621442e-07
4.350000000000000000e+02 8.484953572644033462e-07
4.360000000000000000e+02 8.489636832144209040e-07
4.370000000000000000e+02 8.494395211380779884e-07
4.380000000000000000e+02 8.499229542868804757e-07
4.390000000000000000e+02 8.504141410328648679e-07
4.400000000000000000e+02 8.509131556110057845e-07
4.410000000000000000e+02 8.514201503459485298e-07
4.420000000000000000e+02 8.519351957476286853e-07
4.430000000000000000e+02 8.524584358110387972e-07
4.440000000000000000e+02 8.529899395282262174e-07
4.450000000000000000e+02 8.535298411246858962e-07
4.460000000000000000e+02 8.540782062924697160e-07
4.470000000000000000e+02 8.546351650083960212e-07
4.480000000000000000e+02 8.552007726545252574e-07
4.490000000000000000e+02 8.557751572837419674e-07
4.500000000000000000e+02 8.563583671753883681e-07
4.510000000000000000e+02 8.569505267723293095e-07
4.520000000000000000e+02 8.575516780171193811e-07
4.530000000000000000e+02 8.581619381075948815e-07
4.540000000000000000e+02 8.587813430912668661e-07
4.550000000000000000e+02 8.594100044761953109e-07
4.560000000000000000e+02 8.600479559621687810e-07
4.570000000000000000e+02 8.606953004613324400e-07
4.580000000000000000e+02 8.613520678658735019e-07
4.590000000000000000e+02 8.620183543932343547e-07
4.600000000000000000e+02 8.626941826029906658e-07
4.610000000000000000e+02 8.633796426568733270e-07
4.620000000000000000e+02 8.640747546151238174e-07
4.630000000000000000e+02 8.647796028771455814e-07
4.640000000000000000e+02 8.654942005353093032e-07
4.650000000000000000e+02 8.662186232638785742e-07
4.660000000000000000e+02 8.669528819041720819e-07
4.670000000000000000e+02 8.676970484973602298e-07
4.680000000000000000e+02 8.684511239012376246e-07
4.690000000000000000e+02 8.692151786838822011e-07
4.700000000000000000e+02 8.699892036071619426e-07
4.710000000000000000e+02 8.707732660736703698e-07
4.720000000000000000e+02 8.715673523836385775e-07
4.730000000000000000e+02 8.723715199963535535e-07
4.740000000000000000e+02 8.731857531633364852e-07
4.750000000000000000e+02 8.740101025783394076e-07
4.760000000000000000e+02 8.748445457212718350e-07
4.770000000000000000e+02 8.756891304580935188e-07
4.780000000000000000e+02 8.765438288224760347e-07
4.790000000000000000e+02 8.774086783418605804e-07
4.800000000000000000e+02 8.782836491808086080e-07
4.810000000000000000e+02 8.791687747715950316e-07
4.820000000000000000e+02 8.800640156582583802e-07
4.830000000000000000e+02 8.809694004465551087e-07
4.840000000000000000e+02 8.818848861805115043e-07
4.850000000000000000e+02 8.828104966755275172e-07
4.860000000000000000e+02 8.837461814827406195e-07
4.870000000000000000e+02 8.846919566424128864e-07
4.880000000000000000e+02 8.856477689557753508e-07
4.890000000000000000e+02 8.866136283947405422e-07
4.900000000000000000e+02 8.875894779093134049e-07
4.910000000000000000e+02 8.885753219378169863e-07
4.920000000000000000e+02 8.895710963336111223e-07
4.930000000000000000e+02 8.905767972416029127e-07
4.940000000000000000e+02 8.915923581557045435e-07
4.950000000000000000e+02 8.926177687556343980e-07
4.960000000000000000e+02 8.936529590300227109e-07
4.970000000000000000e+02 8.946979097125181029e-07
4.980000000000000000e+02 8.957525471650456257e-07
4.990000000000000000e+02 8.968168482134436809e-07
5.000000000000000000e+02 8.978907325173845163e-07
5.010000000000000000e+02 8.989741720989760138e-07
5.020000000000000000e+02 9.000670815046248396e-07
5.030000000000000000e+02 9.011694279864542542e-07
5.040000000000000000e+02 9.022811183930687453e-07
5.050000000000000000e+02 9.034021153680631842e-07
5.060000000000000000e+02 9.045323229228702616e-07
5.070000000000000000e+02 9.056716961725158298e-07
5.080000000000000000e+02 9.068201323002105181e-07
5.090000000000000000e+02 9.079775836488171017e-07
5.100000000000000000e+02 9.091439420730328278e-07
5.110000000000000000e+02 9.103191561068897581e-07
5.120000000000000000e+02 9.115031097375685811e-07
5.130000000000000000e+02 9.126957476536597634e-07
5.140000000000000000e+02 9.138969478083991266e-07
5.150000000000000000e+02 9.151066510959865357e-07
5.160000000000000000e+02 9.163247300530278040e-07
5.170000000000000000e+02 9.175511218753800139e-07
5.180000000000000000e+02 9.187856940661346196e-07
5.190000000000000000e+02 9.200283772309484059e-07
5.200000000000000000e+02 9.212790341565783198e-07
5.210000000000000000e+02 9.225375905071945875e-07
5.220000000000000000e+02 9.238039045951938797e-07
5.230000000000000000e+02 9.250779006205132835e-07
5.240000000000000000e+02 9.263594266760979137e-07
5.250000000000000000e+02 9.276484013429477005e-07
5.260000000000000000e+02 9.289446776332814077e-07
5.270000000000000000e+02 9.302481639021315027e-07
5.280000000000000000e+02 9.315587159222178770e-07
5.290000000000000000e+02 9.328762322736821317e-07
5.300000000000000000e+02 9.342005542729718111e-07
5.310000000000000000e+02 9.355315763182178503e-07
5.320000000000000000e+02 9.368691556004807174e-07
5.330000000000000000e+02 9.382131699435520234e-07
5.340000000000000000e+02 9.395634702314449946e-07
5.350000000000000000e+02 9.409199357583865685e-07
5.360000000000000000e+02 9.422824001853982159e-07
5.370000000000000000e+02 9.436507547624991037e-07
5.380000000000000000e+02 9.450248238559796268e-07
5.390000000000000000e+02 9.464045027089402957e-07
5.400000000000000000e+02 9.477896084634174954e-07
5.410000000000000000e+02 9.491800209885828463e-07
5.420000000000000000e+02 9.505755572168793012e-07
5.430000000000000000e+02 9.519761042000490460e-07
5.440000000000000000e+02 9.533814705623882300e-07
5.450000000000000000e+02 9.547915449201848081e-07
5.460000000000000000e+02 9.562061303245314105e-07
5.470000000000000000e+02 9.576251073526730382e-07
5.480000000000000000e+02 9.590482743298776570e-07
5.490000000000000000e+02 9.604755164949766947e-07
5.500000000000000000e+02 9.619066279545581242e-07
5.510000000000000000e+02 9.633414865227155589e-07
5.520000000000000000e+02 9.647798797029958666e-07
5.530000000000000000e+02 9.662216931612960167e-07
5.540000000000000000e+02 9.676667124339546918e-07
5.550000000000000000e+02 9.691148232179640759e-07
5.560000000000000000e+02 9.705657969144257322e-07
5.570000000000000000e+02 9.720195197987397279e-07
5.580000000000000000e+02 9.734757693281036752e-07
5.590000000000000000e+02 9.749344294551010960e-07
5.600000000000000000e+02 9.763952781175737897e-07
5.610000000000000000e+02 9.778581870886805748e-07
5.620000000000000000e+02 9.793229340137876444e-07
5.630000000000000000e+02 9.807893847242765107e-07
5.640000000000000000e+02 9.822573276671578782e-07
5.650000000000000000e+02 9.837266356920913026e-07
5.660000000000000000e+02 9.851970797059659621e-07
5.670000000000000000e+02 9.866685348935299832e-07
5.680000000000000000e+02 9.881407759752223957e-07
5.690000000000000000e+02 9.896136684717465792e-07
5.700000000000000000e+02 9.910869987338833003e-07
5.710000000000000000e+02 9.925606280975404400e-07
5.720000000000000000e+02 9.940343374039949821e-07
5.730000000000000000e+02 9.955079964134795915e-07
5.740000000000000000e+02 9.969813819547791956e-07
5.750000000000000000e+02 9.984543590187651483e-07
5.760000000000000000e+02 9.999267138261647774e-07
5.770000000000000000e+02 1.001398309954573693e-06
5.780000000000000000e+02 1.002868927098834139e-06
5.790000000000000000e+02 1.004338439342074951e-06
5.800000000000000000e+02 1.005806624556941806e-06
5.810000000000000000e+02 1.007273351174488654e-06
5.820000000000000000e+02 1.008738407389427484e-06
5.830000000000000000e+02 1.010201657800470337e-06
5.840000000000000000e+02 1.011662898649793568e-06
5.850000000000000000e+02 1.013121995886015461e-06
5.860000000000000000e+02 1.014578737753748833e-06
5.870000000000000000e+02 1.016032999337280737e-06
5.880000000000000000e+02 1.017484569882512226e-06
5.890000000000000000e+02 1.018933332343104350e-06
5.900000000000000000e+02 1.020379074324163650e-06
5.910000000000000000e+02 1.021821673695687702e-06
5.920000000000000000e+02 1.023260929097174003e-06
5.930000000000000000e+02 1.024696728993785534e-06
5.940000000000000000e+02 1.026128856622592586e-06
5.950000000000000000e+02 1.027557220249502394e-06
5.960000000000000000e+02 1.028981608492814783e-06
5.970000000000000000e+02 1.030401914866509911e-06
5.980000000000000000e+02 1.031817943859997409e-06
5.990000000000000000e+02 1.033229588620896415e-06
6.000000000000000000e+02 1.034636659901646147e-06
6.010000000000000000e+02 1.036039051596101981e-06
6.020000000000000000e+02 1.037436583173890620e-06
6.030000000000000000e+02 1.038829160725962097e-06
6.040000000000000000e+02 1.040216600141989914e-06
6.050000000000000000e+02 1.041598812250363499e-06
6.060000000000000000e+02 1.042975614302752086e-06
6.070000000000000000e+02 1.044346924930446916e-06
6.080000000000000000e+02 1.045712574383375243e-06
6.090000000000000000e+02 1.047072477199201718e-06
6.100000000000000000e+02 1.048426469237953341e-06
6.110000000000000000e+02 1.049774468667626093e-06
6.120000000000000000e+02 1.051116330401425569e-06
6.130000000000000000e+02 1.052451970866915064e-06
6.140000000000000000e+02 1.053781236478235742e-06
6.150000000000000000e+02 1.055104070957360906e-06
6.160000000000000000e+02 1.056420318458055481e-06
6.170000000000000000e+02 1.057729927330412818e-06
6.180000000000000000e+02 1.059032755612225954e-06
6.190000000000000000e+02 1.060328743246929175e-06
6.200000000000000000e+02 1.061617769649192633e-06
6.210000000000000000e+02 1.062899776849256041e-06
6.220000000000000000e+02 1.064174647807588054e-06
6.230000000000000000e+02 1.065442334933896004e-06
6.240000000000000000e+02 1.066702722780249710e-06
6.250000000000000000e+02 1.067955773401046339e-06
6.260000000000000000e+02 1.069201380941544032e-06
6.270000000000000000e+02 1.070439512651614954e-06
6.280000000000000000e+02 1.071670070340642032e-06
6.290000000000000000e+02 1.072893029745696622e-06
6.300000000000000000e+02 1.074108297448858578e-06
6.310000000000000000e+02 1.075315856431104009e-06
6.320000000000000000e+02 1.076515624205551724e-06
6.330000000000000000e+02 1.077707588183387152e-06
6.340000000000000000e+02 1.078891674459888736e-06
6.350000000000000000e+02 1.080067878465040558e-06
6.360000000000000000e+02 1.081236131752186228e-06
6.370000000000000000e+02 1.082396439181587669e-06
6.380000000000000000e+02 1.083548741225081824e-06
6.390000000000000000e+02 1.084693050648814274e-06
6.400000000000000000e+02 1.085829313196597378e-06
6.410000000000000000e+02 1.086957549076013785e-06
6.420000000000000000e+02 1.088077712678122347e-06
6.430000000000000000e+02 1.089189833767008190e-06
6.440000000000000000e+02 1.090293871792672349e-06
6.450000000000000000e+02 1.091389867053041443e-06
6.460000000000000000e+02 1.092477784950222108e-06
6.470000000000000000e+02 1.093557672126712084e-06
6.480000000000000000e+02 1.094629504881609206e-06
6.490000000000000000e+02 1.095693334379878299e-06
6.500000000000000000e+02 1.096749147706946509e-06
6.510000000000000000e+02 1.097797001676932344e-06
6.520000000000000000e+02 1.098836892219672449e-06
6.530000000000000000e+02 1.099868881892142672e-06
6.540000000000000000e+02 1.100892974697495681e-06
6.550000000000000000e+02 1.101909241297385166e-06
6.560000000000000000e+02 1.102917693344787489e-06
6.570000000000000000e+02 1.103918410639208971e-06
6.580000000000000000e+02 1.104911409688483191e-06
6.590000000000000000e+02 1.105896777776617753e-06
6.600000000000000000e+02 1.106874537114860425e-06
6.610000000000000000e+02 1.107844784238225729e-06
6.620000000000000000e+02 1.108807549408385544e-06
6.630000000000000000e+02 1.109762934440691504e-06
6.640000000000000000e+02 1.110710978654280461e-06
6.650000000000000000e+02 1.111651787310543245e-06
6.660000000000000000e+02 1.112585407091519422e-06
6.670000000000000000e+02 1.113511952387693713e-06
6.680000000000000000e+02 1.114431476599645025e-06
6.690000000000000000e+02 1.115344098630618381e-06
6.700000000000000000e+02 1.116249878118893238e-06
6.710000000000000000e+02 1.117148943513808120e-06
6.720000000000000000e+02 1.118041358007308016e-06
6.730000000000000000e+02 1.118927254837892369e-06
6.740000000000000000e+02 1.119806703846148351e-06
6.750000000000000000e+02 1.120679847874541376e-06
6.760000000000000000e+02 1.121546757670082123e-06
6.770000000000000000e+02 1.122407585403449765e-06
6.780000000000000000e+02 1.123262404533657967e-06
6.790000000000000000e+02 1.124111374510250457e-06
6.800000000000000000e+02 1.124954574020909637e-06
6.810000000000000000e+02 1.125792166652458091e-06
6.820000000000000000e+02 1.126624237368572917e-06
6.830000000000000000e+02 1.127450952146791617e-06
6.840000000000000000e+02 1.128272405137645415e-06
6.850000000000000000e+02 1.129088763367907404e-06
6.860000000000000000e+02 1.129900125047072059e-06
6.870000000000000000e+02 1.130706663839936039e-06
6.880000000000000000e+02 1.131508482140701011e-06
6.890000000000000000e+02 1.132305758068523348e-06
6.900000000000000000e+02 1.133098595658363016e-06
6.910000000000000000e+02 1.133887179020451857e-06
6.920000000000000000e+02 1.134671616694815695e-06
6.930000000000000000e+02 1.135452095032034729e-06
6.940000000000000000e+02 1.136228723782603522e-06
6.950000000000000000e+02 1.137001696357990099e-06
6.960000000000000000e+02 1.137771124323483581e-06
6.970000000000000000e+02 1.138537203549982670e-06
6.980000000000000000e+02 1.139300049495631281e-06
6.990000000000000000e+02 1.140059860715894857e-06
7.000000000000000000e+02 1.140816755271357224e-06
7.010000000000000000e+02 1.141570932033180627e-06
7.020000000000000000e+02 1.142322515465860807e-06
7.030000000000000000e+02 1.143071703368476128e-06
7.040000000000000000e+02 1.143818624051446630e-06
7.050000000000000000e+02 1.144563477417948701e-06
7.060000000000000000e+02 1.145306392601657208e-06
7.070000000000000000e+02 1.146047570674164635e-06
7.080000000000000000e+02 1.146787142121169250e-06
7.090000000000000000e+02 1.147525310949574901e-06
7.100000000000000000e+02 1.148262208806279865e-06
7.110000000000000000e+02 1.148998039223965158e-06
7.120000000000000000e+02 1.149732934765919181e-06
7.130000000000000000e+02 1.150467101116369009e-06
7.140000000000000000e+02 1.151200671509456950e-06
7.150000000000000000e+02 1.151933852614448621e-06
7.160000000000000000e+02 1.152666778100251190e-06
7.170000000000000000e+02 1.153399653112004176e-06
7.180000000000000000e+02 1.154132611504015647e-06
7.190000000000000000e+02 1.154865861766587566e-06
7.200000000000000000e+02 1.155599535640120909e-06
7.210000000000000000e+02 1.156333840819037435e-06
7.220000000000000000e+02 1.157068907756519936e-06
7.230000000000000000e+02 1.157804945807349026e-06
7.240000000000000000e+02 1.158542084210330549e-06
7.250000000000000000e+02 1.159280530727182608e-06
7.260000000000000000e+02 1.160020415345851974e-06
7.270000000000000000e+02 1.160761944813114979e-06
7.280000000000000000e+02 1.161505246741750129e-06
7.290000000000000000e+02 1.162250526826246729e-06
7.300000000000000000e+02 1.162997912953025959e-06
7.310000000000000000e+02 1.163747607616285691e-06
7.320000000000000000e+02 1.164499739937640311e-06
7.330000000000000000e+02 1.165254508104068827e-06
7.340000000000000000e+02 1.166012039128270945e-06
7.350000000000000000e+02 1.166772532047105710e-06
7.360000000000000000e+02 1.167536110303091637e-06
7.370000000000000000e+02 1.168302973948182218e-06
7.380000000000000000e+02 1.169073237855605942e-06
7.390000000000000000e+02 1.169847099706832552e-06
7.400000000000000000e+02 1.170624678858803964e-06
7.410000000000000000e+02 1.171406171080362210e-06
7.420000000000000000e+02 1.172191684174194321e-06
7.430000000000000000e+02 1.172981423739244497e-06
7.440000000000000000e+02 1.173775491071218763e-06
7.450000000000000000e+02 1.174574083787698134e-06
7.460000000000000000e+02 1.175377297819552362e-06
7.470000000000000000e+02 1.176185329076951774e-06
7.480000000000000000e+02 1.176998278294493680e-06
7.490000000000000000e+02 1.177816337380566445e-06
7.500000000000000000e+02 1.178639599457727922e-06
7.510000000000000000e+02 1.179468253379538763e-06
7.520000000000000000e+02 1.180302385588178855e-06
7.530000000000000000e+02 1.181142184015480727e-06
7.540000000000000000e+02 1.181987737549492886e-06
7.550000000000000000e+02 1.182839222629522410e-06
7.560000000000000000e+02 1.183696729071657595e-06
7.570000000000000000e+02 1.184560426502413223e-06
7.580000000000000000e+02 1.185430401992139611e-06
7.590000000000000000e+02 1.186306827060333592e-06
7.600000000000000000e+02 1.187189780661189711e-06
7.610000000000000000e+02 1.188079423384263809e-06
7.620000000000000000e+02 1.188975836528454518e-06
7.630000000000000000e+02 1.189879183322430939e-06
7.640000000000000000e+02 1.190789525264235642e-06
7.650000000000000000e+02 1.191707033837107580e-06
7.660000000000000000e+02 1.192631759615432468e-06
7.670000000000000000e+02 1.193563869276677391e-06
7.680000000000000000e+02 1.194503421467859897e-06
7.690000000000000000e+02 1.195450559711962470e-06
7.700000000000000000e+02 1.196405345088289956e-06
7.710000000000000000e+02 1.197367927286268316e-06
7.720000000000000000e+02 1.198338348606965822e-06
7.730000000000000000e+02 1.199316758065519177e-06
7.740000000000000000e+02 1.200303204535793176e-06
7.750000000000000000e+02 1.201297818515140838e-06
7.760000000000000000e+02 1.202300648876247677e-06
7.770000000000000000e+02 1.203311813840241813e-06
7.780000000000000000e+02 1.204331362901014889e-06
7.790000000000000000e+02 1.205359414136631371e-06
7.800000000000000000e+02 1.206396014299415714e-06
7.810000000000000000e+02 1.207441268585597775e-06
7.820000000000000000e+02 1.208495212268963399e-06
7.830000000000000000e+02 1.209557962121659135e-06
7.840000000000000000e+02 1.210629537336456306e-06
7.850000000000000000e+02 1.211710053441433043e-06
7.860000000000000000e+02 1.212799521117351032e-06
7.870000000000000000e+02 1.213898047243169759e-06
7.880000000000000000e+02 1.215005651186902768e-06
7.890000000000000000e+02 1.216122425305616921e-06
7.900000000000000000e+02 1.217248380928791873e-06
7.910000000000000000e+02 1.218383608464528003e-06
7.920000000000000000e+02 1.219528116003563954e-06
7.930000000000000000e+02 1.220681991597261161e-06
7.940000000000000000e+02 1.221845226981172942e-06
7.950000000000000000e+02 1.223017906807722495e-06
7.960000000000000000e+02 1.224200025478844509e-06
7.970000000000000000e+02 1.225391656816628026e-06
7.980000000000000000e+02 1.226592805674667762e-06
7.990000000000000000e+02 1.227803526058153472e-06
8.000000000000000000e+02 1.229023811817195031e-06
8.010000000000000000e+02 1.230253704545138213e-06
8.020000000000000000e+02 1.231493210387899713e-06
8.030000000000000000e+02 1.232742360579529140e-06
8.040000000000000000e+02 1.234001165337016466e-06
8.050000000000000000e+02 1.235269646648858852e-06
8.060000000000000000e+02 1.236547799115028558e-06
8.070000000000000000e+02 1.237835636346165766e-06
8.080000000000000000e+02 1.239133145423056302e-06
8.090000000000000000e+02 1.240440349840575755e-06
8.100000000000000000e+02 1.241757230806763499e-06
8.110000000000000000e+02 1.243083795470210634e-06
8.120000000000000000e+02 1.244420019963021177e-06
8.130000000000000000e+02 1.245765919773191722e-06
8.140000000000000000e+02 1.247121466327645510e-06
8.150000000000000000e+02 1.248486658354421751e-06
8.160000000000000000e+02 1.249861462926165365e-06
8.170000000000000000e+02 1.251245869397679038e-06
8.180000000000000000e+02 1.252639840678260972e-06
8.190000000000000000e+02 1.254043358336239181e-06
8.200000000000000000e+02 1.255456398821812227e-06
8.210000000000000000e+02 1.256878919142147440e-06
8.220000000000000000e+02 1.258310883074461895e-06
8.230000000000000000e+02 1.259752267377899255e-06
8.240000000000000000e+02 1.261203012399605380e-06
8.250000000000000000e+02 1.262663099599491668e-06
8.260000000000000000e+02 1.264132455956002667e-06
8.270000000000000000e+02 1.265611064553524289e-06
8.280000000000000000e+02 1.267098841779556650e-06
8.290000000000000000e+02 1.268595771057410440e-06
8.300000000000000000e+02 1.270101759606429903e-06
8.310000000000000000e+02 1.271616790485060144e-06
8.320000000000000000e+02 1.273140745368861282e-06
8.330000000000000000e+02 1.274673623879370103e-06
8.340000000000000000e+02 1.276215308833815000e-06
8.350000000000000000e+02 1.277765772770725021e-06
8.360000000000000000e+02 1.279324910958745284e-06
8.370000000000000000e+02 1.280892683942619472e-06
8.380000000000000000e+02 1.282468972765103155e-06
8.390000000000000000e+02 1.284053746440227848e-06
8.400000000000000000e+02 1.285646878238607942e-06
8.410000000000000000e+02 1.287248338328802251e-06
8.420000000000000000e+02 1.288857993419528259e-06
8.430000000000000000e+02 1.290475796351205743e-06
8.440000000000000000e+02 1.292101607879577530e-06
8.450000000000000000e+02 1.293735405921922516e-06
8.460000000000000000e+02 1.295377028450561827e-06
8.470000000000000000e+02 1.297026428940835256e-06
8.480000000000000000e+02 1.298683465847290659e-06
8.490000000000000000e+02 1.300348082008983841e-06
8.500000000000000000e+02 1.302020124383540894e-06
8.510000000000000000e+02 1.303699545075609176e-06
8.520000000000000000e+02 1.305386185151614870e-06
8.530000000000000000e+02 1.307079981600211423e-06
8.540000000000000000e+02 1.308780770506272636e-06
8.550000000000000000e+02 1.310488497953473309e-06
8.560000000000000000e+02 1.312202995407011900e-06
8.570000000000000000e+02 1.313924194098395922e-06
8.580000000000000000e+02 1.315651921200758600e-06
8.590000000000000000e+02 1.317386117316818290e-06
8.600000000000000000e+02 1.319126605516541285e-06
8.610000000000000000e+02 1.320873311904965119e-06
8.620000000000000000e+02 1.322626072620953048e-06
8.630000000000000000e+02 1.324384806431749126e-06
8.640000000000000000e+02 1.326149320321226943e-06
8.650000000000000000e+02 1.327919544356550243e-06
8.660000000000000000e+02 1.329695305308905892e-06
8.670000000000000000e+02 1.331476502980659990e-06
8.680000000000000000e+02 1.333262970258616459e-06
8.690000000000000000e+02 1.335054609032770140e-06
8.700000000000000000e+02 1.336851238832591672e-06
8.710000000000000000e+02 1.338652775611110443e-06
8.720000000000000000e+02 1.340459032880224737e-06
8.730000000000000000e+02 1.342269898139164246e-06
8.740000000000000000e+02 1.344085214188940774e-06
8.750000000000000000e+02 1.345904855060816367e-06
8.760000000000000000e+02 1.347728659691642336e-06
8.770000000000000000e+02 1.349556508866379134e-06
8.780000000000000000e+02 1.351388225551823383e-06
8.790000000000000000e+02 1.353223707303672684e-06
8.800000000000000000e+02 1.355062753144871691e-06
8.810000000000000000e+02 1.356905267903063570e-06
8.820000000000000000e+02 1.358751054065092284e-06
8.830000000000000000e+02 1.360600021266545933e-06
8.840000000000000000e+02 1.362451970199709537e-06
8.850000000000000000e+02 1.364306797495890986e-06
8.860000000000000000e+02 1.366164301705933071e-06
8.870000000000000000e+02 1.368024374295694307e-06
8.880000000000000000e+02 1.369886845142829485e-06
8.890000000000000000e+02 1.371751585582983519e-06
8.900000000000000000e+02 1.373618406824262719e-06
8.910000000000000000e+02 1.375487202791718260e-06
8.920000000000000000e+02 1.377357795448255806e-06
8.930000000000000000e+02 1.379230053748037378e-06
8.940000000000000000e+02 1.381103804364073217e-06
8.950000000000000000e+02 1.382978938699655328e-06
8.960000000000000000e+02 1.384855253699110356e-06
8.970000000000000000e+02 1.386732666119907585e-06
8.980000000000000000e+02 1.388610959535467524e-06
8.990000000000000000e+02 1.390490048443428280e-06
9.000000000000000000e+02 1.392369723648201672e-06
9.010000000000000000e+02 1.394249902492711121e-06
9.020000000000000000e+02 1.396130376719058057e-06
9.030000000000000000e+02 1.398011066969988156e-06
9.040000000000000000e+02 1.399891765009508601e-06
9.050000000000000000e+02 1.401772394824182632e-06
9.060000000000000000e+02 1.403652748191830213e-06
9.070000000000000000e+02 1.405532752461118533e-06
9.080000000000000000e+02 1.407412199383016610e-06
9.090000000000000000e+02 1.409291019652294917e-06
9.100000000000000000e+02 1.411169005233488066e-06
9.110000000000000000e+02 1.413046090273777534e-06
9.120000000000000000e+02 1.414922083478228190e-06
9.130000000000000000e+02 1.416796905888282211e-06
9.140000000000000000e+02 1.418670374862887251e-06
9.150000000000000000e+02 1.420542406799504532e-06
9.160000000000000000e+02 1.422412825779845626e-06
9.170000000000000000e+02 1.424281562037988469e-06
9.180000000000000000e+02 1.426148429130287869e-06
9.190000000000000000e+02 1.428013364055950881e-06
9.200000000000000000e+02 1.429876193979391795e-06
9.210000000000000000e+02 1.431736861214547916e-06
9.220000000000000000e+02 1.433595183688336159e-06
9.230000000000000000e+02 1.435451124963409775e-06
9.240000000000000000e+02 1.437304500678267990e-06
9.250000000000000000e+02 1.439155254412669178e-06
9.260000000000000000e+02 1.441003233964020507e-06
9.270000000000000000e+02 1.442848377189415435e-06
9.280000000000000000e+02 1.444690548225039003e-06
9.290000000000000000e+02 1.446529682242012700e-06
9.300000000000000000e+02 1.448365639756588835e-06
9.310000000000000000e+02 1.450198371111774702e-06
9.320000000000000000e+02 1.452027739697406023e-06
9.330000000000000000e+02 1.453853703636452137e-06
9.340000000000000000e+02 1.455676130169253183e-06
9.350000000000000000e+02 1.457494983719003421e-06
9.360000000000000000e+02 1.459310152050537299e-06
9.370000000000000000e+02 1.461121588940446533e-06
9.380000000000000000e+02 1.462929178333494415e-06
9.390000000000000000e+02 1.464732903849011573e-06
9.400000000000000000e+02 1.466532635673718750e-06
9.410000000000000000e+02 1.468328356594436855e-06
9.420000000000000000e+02 1.470119980761477503e-06
9.430000000000000000e+02 1.471907478808848556e-06
9.440000000000000000e+02 1.473690754689460141e-06
9.450000000000000000e+02 1.475469791813067455e-06
9.460000000000000000e+02 1.477244511399404004e-06
9.470000000000000000e+02 1.479014903567242829e-06
9.480000000000000000e+02 1.480780884268917906e-06
9.490000000000000000e+02 1.482542465589890878e-06
9.500000000000000000e+02 1.484299565050739319e-06
9.510000000000000000e+02 1.486052192115878825e-06
9.520000000000000000e+02 1.487800283133829554e-06
9.530000000000000000e+02 1.489543850700377371e-06
9.540000000000000000e+02 1.491282842575310955e-06
9.550000000000000000e+02 1.493017275571487862e-06
9.560000000000000000e+02 1.494747090868691573e-06
9.570000000000000000e+02 1.496472341692639515e-06
9.580000000000000000e+02 1.498192954055245784e-06
9.590000000000000000e+02 1.499908985632238428e-06
9.600000000000000000e+02 1.501620388696470088e-06
9.610000000000000000e+02 1.503327213305134941e-06
9.620000000000000000e+02 1.505029424624586001e-06
9.630000000000000000e+02 1.506727089129199863e-06
9.640000000000000000e+02 1.508420166199735369e-06
9.650000000000000000e+02 1.510108732432389640e-06
9.660000000000000000e+02 1.511792748281444090e-06
9.670000000000000000e+02 1.513472299173613790e-06
9.680000000000000000e+02 1.515147363766475748e-06
9.690000000000000000e+02 1.516818035611202582e-06
9.700000000000000000e+02 1.518484304044292383e-06
9.710000000000000000e+02 1.520146254471005515e-06
9.720000000000000000e+02 1.521803885181188599e-06
9.730000000000000000e+02 1.523457296825735994e-06
9.740000000000000000e+02 1.525106495798357108e-06
9.750000000000000000e+02 1.526751591849290062e-06
9.760000000000000000e+02 1.528392583013636108e-06
9.770000000000000000e+02 1.530029602551631248e-06
9.780000000000000000e+02 1.531662647648224162e-06
9.790000000000000000e+02 1.533291866555177296e-06
9.800000000000000000e+02 1.534917257406590358e-06
9.810000000000000000e+02 1.536538980861684896e-06
9.820000000000000000e+02 1.538157036622912634e-06
9.830000000000000000e+02 1.539771580785932957e-06
9.840000000000000000e+02 1.541382646356530903e-06
9.850000000000000000e+02 1.542990391994479430e-06
9.860000000000000000e+02 1.544594836904729346e-06
9.870000000000000000e+02 1.546196159012259166e-06
9.880000000000000000e+02 1.547794391270786598e-06
9.890000000000000000e+02 1.549389708148851514e-06
9.900000000000000000e+02 1.550982150656961612e-06
9.910000000000000000e+02 1.552571910870942496e-06
9.920000000000000000e+02 1.554159020965579106e-06
9.930000000000000000e+02 1.555743684088340934e-06
9.940000000000000000e+02 1.557325946352020958e-06
9.950000000000000000e+02 1.558906004652463958e-06
9.960000000000000000e+02 1.560483912634871534e-06
9.970000000000000000e+02 1.562059867927149605e-06
9.980000000000000000e+02 1.563633945852875512e-06
9.990000000000000000e+02 1.565206345868065305e-06
1.000000000000000000e+03 1.566777141046165794e-06
1.001000000000000000e+03 1.568346548742822652e-06
1.002000000000000000e+03 1.569914629660471840e-06
1.003000000000000000e+03 1.571481626897239511e-06
1.004000000000000000e+03 1.573047596942574752e-06
1.005000000000000000e+03 1.574612783599268848e-06
1.006000000000000000e+03 1.576177256687127018e-06
1.007000000000000000e+03 1.577741250168765465e-06
1.008000000000000000e+03 1.579304855587465414e-06
1.009000000000000000e+03 1.580868304760744625e-06
1.010000000000000000e+03 1.582431686519326955e-06
1.011000000000000000e+03 1.583995247773061573e-06
1.012000000000000000e+03 1.585559094797633100e-06
1.013000000000000000e+03 1.587123452113343347e-06
1.014000000000000000e+03 1.588688436251423213e-06
1.015000000000000000e+03 1.590254278370426562e-06
1.016000000000000000e+03 1.591821118449866294e-06
1.017000000000000000e+03 1.593389174468861506e-06
1.018000000000000000e+03 1.594958570638017228e-06
1.019000000000000000e+03 1.596529549122756695e-06
1.020000000000000000e+03 1.598102231126762441e-06
1.021000000000000000e+03 1.599676869551055666e-06
1.022000000000000000e+03 1.601253584758495345e-06
1.023000000000000000e+03 1.602832621979875657e-06
1.024000000000000000e+03 1.604414116724273739e-06
1.025000000000000000e+03 1.605998312924465072e-06
1.026000000000000000e+03 1.607585353864336548e-06
1.027000000000000000e+03 1.609175483263332471e-06
1.028000000000000000e+03 1.610768835238610901e-06
1.029000000000000000e+03 1.612365668565930439e-06
1.030000000000000000e+03 1.613966114844358048e-06
1.031000000000000000e+03 1.615570440578882818e-06
1.032000000000000000e+03 1.617178776195466233e-06
1.033000000000000000e+03 1.618791378737293821e-06
1.034000000000000000e+03 1.620408392817394132e-06
1.035000000000000000e+03 1.622030072682015388e-06
1.036000000000000000e+03 1.623656555138387256e-06
1.037000000000000000e+03 1.625288107844044065e-06
1.038000000000000000e+03 1.626924865257026568e-06
1.039000000000000000e+03 1.628567086269077798e-06
1.040000000000000000e+03 1.630214918750153326e-06
1.041000000000000000e+03 1.631868618837564684e-06
1.042000000000000000e+03 1.633528325841389645e-06
1.043000000000000000e+03 1.635194308993428752e-06
1.044000000000000000e+03 1.636866704852727418e-06
1.045000000000000000e+03 1.638545758789984679e-06
1.046000000000000000e+03 1.640231635206522163e-06
1.047000000000000000e+03 1.641924583749721597e-06
1.048000000000000000e+03 1.643624737516446656e-06
1.049000000000000000e+03 1.645332360816373757e-06
1.050000000000000000e+03 1.647047588885403441e-06
1.051000000000000000e+03 1.648770692586703917e-06
1.052000000000000000e+03 1.650501791130091715e-06
1.053000000000000000e+03 1.652241144962852419e-06
1.054000000000000000e+03 1.653988893945117255e-06
1.055000000000000000e+03 1.655745294543733599e-06
1.056000000000000000e+03 1.657510479464406580e-06
1.057000000000000000e+03 1.659284702460691190e-06
1.058000000000000000e+03 1.661068093737413809e-06
1.059000000000000000e+03 1.662860890254583377e-06
1.060000000000000000e+03 1.664663249467407509e-06
1.061000000000000000e+03 1.666475384125343209e-06
1.062000000000000000e+03 1.668297464619904969e-06
1.063000000000000000e+03 1.670129689181717496e-06
1.064000000000000000e+03 1.671972222643426419e-06
1.065000000000000000e+03 1.673825280710061557e-06
1.066000000000000000e+03 1.675689013401679288e-06
1.067000000000000000e+03 1.677563626139733139e-06
1.068000000000000000e+03 1.679449262201970073e-06
1.069000000000000000e+03 1.681346136139014587e-06
1.070000000000000000e+03 1.683254386597701351e-06
1.071000000000000000e+03 1.685174215815932582e-06
1.072000000000000000e+03 1.687105758600833757e-06
1.073000000000000000e+03 1.689049240028019158e-06
1.074000000000000000e+03 1.691004762218820484e-06
1.075000000000000000e+03 1.692972559411094752e-06
1.076000000000000000e+03 1.694952730655854776e-06
1.077000000000000000e+03 1.696945487116563750e-06
1.078000000000000000e+03 1.698950936173281193e-06
1.079000000000000000e+03 1.700969293293381078e-06
1.080000000000000000e+03 1.703000652210667549e-06
1.081000000000000000e+03 1.705045213633162618e-06
1.082000000000000000e+03 1.707103078130606844e-06
1.083000000000000000e+03 1.709174452976244807e-06
1.084000000000000000e+03 1.711259410329864239e-06
1.085000000000000000e+03 1.713358158377744321e-06
1.086000000000000000e+03 1.715470783225960785e-06
1.087000000000000000e+03 1.717597478256735089e-06
1.088000000000000000e+03 1.719738317583837366e-06
1.089000000000000000e+03 1.721893486758044792e-06
1.090000000000000000e+03 1.724063067498153314e-06
1.091000000000000000e+03 1.726247238914781953e-06
1.092000000000000000e+03 1.728446055180896729e-06
1.093000000000000000e+03 1.730659704368165781e-06
1.094000000000000000e+03 1.732888240798075154e-06
1.095000000000000000e+03 1.735131854538588707e-06
1.096000000000000000e+03 1.737390581192516095e-06
1.097000000000000000e+03 1.739664596911598190e-06
1.098000000000000000e+03 1.741953940020828543e-06
1.099000000000000000e+03 1.744258793824894357e-06
1.100000000000000000e+03 1.746579179407257358e-06
1.101000000000000000e+03 1.748915252449148910e-06
1.102000000000000000e+03 1.751267052204315766e-06
1.103000000000000000e+03 1.753634734589426757e-06
1.104000000000000000e+03 1.756018315114674549e-06
1.105000000000000000e+03 1.758417945704095240e-06
1.106000000000000000e+03 1.760833644228637071e-06
1.107000000000000000e+03 1.763265558360700847e-06
1.108000000000000000e+03 1.765713674411405954e-06
1.109000000000000000e+03 1.768178150513094450e-06
1.110000000000000000e+03 1.770658969673326574e-06
1.111000000000000000e+03 1.773156278629033165e-06
1.112000000000000000e+03 1.775670038772321832e-06
1.113000000000000000e+03 1.778200405605761609e-06
1.114000000000000000e+03 1.780747340574829956e-06
1.115000000000000000e+03 1.783310972406406333e-06
1.116000000000000000e+03 1.785891271802617204e-06
1.117000000000000000e+03 1.788488354157115725e-06
1.118000000000000000e+03 1.791102177043071890e-06
1.119000000000000000e+03 1.793732845064528352e-06
1.120000000000000000e+03 1.796380336791965109e-06
1.121000000000000000e+03 1.799044718751805966e-06
1.122000000000000000e+03 1.801725977073938928e-06
1.123000000000000000e+03 1.804424170121472617e-06
1.124000000000000000e+03 1.807139273529448827e-06
1.125000000000000000e+03 1.809871334422040957e-06
1.126000000000000000e+03 1.812620323605426270e-06
1.127000000000000000e+03 1.815386292083622111e-06
1.128000000000000000e+03 1.818169177593329546e-06
1.129000000000000000e+03 1.820969042757627295e-06
1.130000000000000000e+03 1.823785807290006596e-06
1.131000000000000000e+03 1.826619536619501837e-06
1.132000000000000000e+03 1.829470136074018715e-06
1.133000000000000000e+03 1.832337642493381423e-06
1.134000000000000000e+03 1.835221977837075033e-06
1.135000000000000000e+03 1.838123178560866716e-06
1.136000000000000000e+03 1.841041140495392281e-06
1.137000000000000000e+03 1.843975895213346593e-06
1.138000000000000000e+03 1.846927338915560573e-06
1.139000000000000000e+03 1.849895498013738493e-06
1.140000000000000000e+03 1.852880249471326728e-06
1.141000000000000000e+03 1.855881614199486527e-06
1.142000000000000000e+03 1.858899456518519095e-06
1.143000000000000000e+03 1.861933792108656422e-06
1.144000000000000000e+03 1.864984488944236955e-06
1.145000000000000000e+03 1.868051557441564084e-06
1.146000000000000000e+03 1.871134833542129047e-06
1.147000000000000000e+03 1.874234336949235123e-06
1.148000000000000000e+03 1.877349899411872381e-06
1.149000000000000000e+03 1.880481513513056112e-06
1.150000000000000000e+03 1.883629002798704866e-06
1.151000000000000000e+03 1.886792360095583758e-06
1.152000000000000000e+03 1.889971400298368334e-06
1.153000000000000000e+03 1.893166112110482566e-06
1.154000000000000000e+03 1.896376301970138671e-06
1.155000000000000000e+03 1.899601939166078738e-06
1.156000000000000000e+03 1.902842821884641449e-06
1.157000000000000000e+03 1.906098921791828904e-06
1.158000000000000000e+03 1.909370043533139214e-06
1.159000000000000000e+03 1.912656140998428284e-06
1.160000000000000000e+03 1.915956988830397423e-06
1.161000000000000000e+03 1.919272544366310327e-06
1.162000000000000000e+03 1.922602594465747747e-06
1.163000000000000000e+03 1.925947064458390198e-06
1.164000000000000000e+03 1.929305741845465372e-06
1.165000000000000000e+03 1.932678548641000487e-06
1.166000000000000000e+03 1.936065255641140246e-06
1.167000000000000000e+03 1.939465777285301524e-06
1.168000000000000000e+03 1.942879874162191679e-06
1.169000000000000000e+03 1.946307452830182323e-06
1.170000000000000000e+03 1.949748280012976498e-06
1.171000000000000000e+03 1.953202239782472059e-06
1.172000000000000000e+03 1.956669098118930805e-06
1.173000000000000000e+03 1.960148739020316050e-06
1.174000000000000000e+03 1.963640911081515058e-06
1.175000000000000000e+03 1.967145493025052209e-06
1.176000000000000000e+03 1.970662237938011652e-06
1.177000000000000000e+03 1.974191003487842866e-06
1.178000000000000000e+03 1.977731541256054348e-06
1.179000000000000000e+03 1.981283695149353747e-06
1.180000000000000000e+03 1.984847213981055255e-06
1.181000000000000000e+03 1.988421945018133468e-06
1.182000000000000000e+03 1.992007603761805652e-06
1.183000000000000000e+03 1.995604034063042146e-06
1.184000000000000000e+03 1.999210962960785252e-06
1.185000000000000000e+03 2.002828229854205969e-06
1.186000000000000000e+03 2.006455547074999237e-06
1.187000000000000000e+03 2.010092748905293128e-06
1.188000000000000000e+03 2.013739538352136527e-06
1.189000000000000000e+03 2.017395759519124808e-06
1.190000000000000000e+03 2.021061107319636842e-06
1.191000000000000000e+03 2.024735413289867692e-06
1.192000000000000000e+03 2.028418364972022872e-06
1.193000000000000000e+03 2.032109771601205741e-06
1.194000000000000000e+03 2.035809343833586897e-06
1.195000000000000000e+03 2.039516877504453266e-06
1.196000000000000000e+03 2.043232061384849762e-06
1.197000000000000000e+03 2.046954695294995880e-06
1.198000000000000000e+03 2.050684472579025489e-06
1.199000000000000000e+03 2.054421190684301161e-06
1.200000000000000000e+03 2.058164527166352836e-06
1.201000000000000000e+03 2.061914276285691314e-06
1.202000000000000000e+03 2.065670121991071650e-06
1.203000000000000000e+03 2.069431854857820519e-06
1.204000000000000000e+03 2.073199143434506591e-06
1.205000000000000000e+03 2.076971789569154287e-06
1.206000000000000000e+03 2.080749453237056538e-06
1.207000000000000000e+03 2.084531924981109670e-06
1.208000000000000000e+03 2.088318873284250853e-06
1.209000000000000000e+03 2.092110083072009759e-06
1.210000000000000000e+03 2.095905208687991037e-06
1.211000000000000000e+03 2.099704045942010908e-06
1.212000000000000000e+03 2.103506241468142342e-06
1.213000000000000000e+03 2.107311595078051496e-06
1.214000000000000000e+03 2.111119747011377084e-06
1.215000000000000000e+03 2.114930483752939873e-06
1.216000000000000000e+03 2.118743455567114305e-06
1.217000000000000000e+03 2.122558458346409464e-06
1.218000000000000000e+03 2.126375129693899950e-06
1.219000000000000000e+03 2.130193268535189815e-06
1.220000000000000000e+03 2.134012505945710767e-06
1.221000000000000000e+03 2.137832658731766354e-06
1.222000000000000000e+03 2.141653352784090723e-06
1.223000000000000000e+03 2.145474398805273931e-06
1.224000000000000000e+03 2.149295418064655730e-06
1.225000000000000000e+03 2.153116221068815130e-06
1.226000000000000000e+03 2.156936456636120630e-06
1.227000000000000000e+03 2.160755920216466791e-06
1.228000000000000000e+03 2.164574241363262406e-06
1.229000000000000000e+03 2.168391239778213159e-06
1.230000000000000000e+03 2.172206553946792342e-06
1.231000000000000000e+03 2.176019983224873024e-06
1.232000000000000000e+03 2.179831185021253978e-06
1.233000000000000000e+03 2.183639951395896759e-06
1.234000000000000000e+03 2.187445934203198106e-06
1.235000000000000000e+03 2.191248952423388566e-06
1.236000000000000000e+03 2.195048642240818457e-06
1.237000000000000000e+03 2.198844850846413216e-06
1.238000000000000000e+03 2.202637192065387251e-06
1.239000000000000000e+03 2.206425530392115086e-06
1.240000000000000000e+03 2.210209482981615805e-06
1.241000000000000000e+03 2.213988912775180319e-06
1.242000000000000000e+03 2.217763467382055380e-06
1.243000000000000000e+03 2.221532982759153523e-06
1.244000000000000000e+03 2.225297136672830340e-06
1.245000000000000000e+03 2.229055770722954729e-06
1.246000000000000000e+03 2.232808549752448614e-06
1.247000000000000000e+03 2.236555333373015068e-06
1.248000000000000000e+03 2.240295801514370794e-06
1.249000000000000000e+03 2.244029807927634325e-06
1.250000000000000000e+03 2.247757041965995990e-06
1.251000000000000000e+03 2.251477358001547727e-06
1.252000000000000000e+03 2.255190453657603784e-06
1.253000000000000000e+03 2.258896201109868400e-06
1.254000000000000000e+03 2.262594289528557116e-06
1.255000000000000000e+03 2.266284617724499686e-06
1.256000000000000000e+03 2.269966890491808755e-06
1.257000000000000000e+03 2.273640991965915998e-06
1.258000000000000000e+03 2.277306636233975621e-06
1.259000000000000000e+03 2.280963721645362300e-06
1.260000000000000000e+03 2.284611986451762665e-06
1.261000000000000000e+03 2.288251322416069357e-06
1.262000000000000000e+03 2.291881483604031780e-06
1.263000000000000000e+03 2.295502378383404201e-06
1.264000000000000000e+03 2.299113758358412964e-06
1.265000000000000000e+03 2.302715542301968348e-06
1.266000000000000000e+03 2.306307502276919794e-06
1.267000000000000000e+03 2.309889550004657942e-06
1.268000000000000000e+03 2.313461471366909745e-06
1.269000000000000000e+03 2.317023211161928591e-06
1.270000000000000000e+03 2.320574551507987653e-06
1.271000000000000000e+03 2.324115455803353747e-06
1.272000000000000000e+03 2.327645709786186825e-06
1.273000000000000000e+03 2.331165292320883719e-06
1.274000000000000000e+03 2.334673994466134265e-06
1.275000000000000000e+03 2.338171809072121497e-06
1.276000000000000000e+03 2.341658549270008107e-06
1.277000000000000000e+03 2.345134204909134637e-06
1.278000000000000000e+03 2.348598619667195167e-06
1.279000000000000000e+03 2.352051771809834185e-06
1.280000000000000000e+03 2.355493525663703948e-06
1.281000000000000000e+03 2.358923873777023209e-06
1.282000000000000000e+03 2.362342698253995862e-06
1.283000000000000000e+03 2.365750000489966385e-06
1.284000000000000000e+03 2.369145662555587276e-06
1.285000000000000000e+03 2.372529726502434734e-06
1.286000000000000000e+03 2.375902065408057024e-06
1.287000000000000000e+03 2.379262729313976093e-06
1.288000000000000000e+03 2.382611623975751233e-06
1.289000000000000000e+03 2.385948795202323531e-06
1.290000000000000000e+03 2.389274167767819837e-06
1.291000000000000000e+03 2.392587807573948359e-06
1.292000000000000000e+03 2.395889639255569755e-06
1.293000000000000000e+03 2.399179742316601683e-06
1.294000000000000000e+03 2.402458064156389174e-06
1.295000000000000000e+03 2.405724696611179071e-06
1.296000000000000000e+03 2.408979586758054250e-06
1.297000000000000000e+03 2.412222854234967853e-06
1.298000000000000000e+03 2.415454452134844201e-06
1.299000000000000000e+03 2.418674503117982128e-06
1.300000000000000000e+03 2.421882983714735559e-06
1.301000000000000000e+03 2.425080025286736050e-06
1.302000000000000000e+03 2.428265620072068017e-06
1.303000000000000000e+03 2.431439908759612004e-06
1.304000000000000000e+03 2.434602913534824896e-06
1.305000000000000000e+03 2.437754768246402744e-06
1.306000000000000000e+03 2.440895499695003322e-06
1.307000000000000000e+03 2.444025259181078766e-06
1.308000000000000000e+03 2.447144099607683698e-06
1.309000000000000000e+03 2.450252167321990138e-06
1.310000000000000000e+03 2.453349533597127611e-06
1.311000000000000000e+03 2.456436379021522934e-06
1.312000000000000000e+03 2.459512758647732267e-06
1.313000000000000000e+03 2.462578856387439539e-06
1.314000000000000000e+03 2.465634758501137128e-06
1.315000000000000000e+03 2.468680656725461589e-06
1.316000000000000000e+03 2.471716639141214253e-06
1.317000000000000000e+03 2.474742921908042558e-06
1.318000000000000000e+03 2.477759600229198438e-06
1.319000000000000000e+03 2.480766890049184232e-06
1.320000000000000000e+03 2.483764894334716682e-06
1.321000000000000000e+03 2.486753850856499539e-06
1.322000000000000000e+03 2.489733870450452442e-06
1.323000000000000000e+03 2.492705189031770886e-06
1.324000000000000000e+03 2.495667941307921201e-06
1.325000000000000000e+03 2.498622383715099603e-06
1.326000000000000000e+03 2.501568634135506049e-06
1.327000000000000000e+03 2.504506962353602760e-06
1.328000000000000000e+03 2.507437499396966747e-06
1.329000000000000000e+03 2.510360526621002513e-06
1.330000000000000000e+03 2.513276166805276637e-06
1.331000000000000000e+03 2.516184711753767273e-06
1.332000000000000000e+03 2.519086315280555272e-06
1.333000000000000000e+03 2.521981262690267643e-06
1.334000000000000000e+03 2.524869708194395308e-06
1.335000000000000000e+03 2.527751954149300311e-06
1.336000000000000000e+03 2.530628159696521269e-06
1.337000000000000000e+03 2.533498637662487338e-06
1.338000000000000000e+03 2.536363552503973066e-06
1.339000000000000000e+03 2.539223209765541168e-06
1.340000000000000000e+03 2.542077778991407009e-06
1.341000000000000000e+03 2.544927581756971718e-06
1.342000000000000000e+03 2.547772792557392115e-06
1.343000000000000000e+03 2.550613742333231088e-06
1.344000000000000000e+03 2.553450594145002639e-06
1.345000000000000000e+03 2.556283702714648844e-06
1.346000000000000000e+03 2.559113211292973819e-06
1.347000000000000000e+03 2.561939489529111389e-06
1.348000000000000000e+03 2.564762702826886698e-06
1.349000000000000000e+03 2.567583201079618276e-06
1.350000000000000000e+03 2.570401174412268099e-06
1.351000000000000000e+03 2.573216951449093017e-06
1.352000000000000000e+03 2.576030720283090306e-06
1.353000000000000000e+03 2.578842831308699704e-06
1.354000000000000000e+03 2.581653475418184076e-06
1.355000000000000000e+03 2.584462995831679318e-06
1.356000000000000000e+03 2.587271586522498880e-06
1.357000000000000000e+03 2.590079605007836338e-06
1.358000000000000000e+03 2.592887232119829371e-06
1.359000000000000000e+03 2.595694816629324964e-06
1.360000000000000000e+03 2.598502565861201765e-06
1.361000000000000000e+03 2.601310810296814339e-06
1.362000000000000000e+03 2.604119753481278355e-06
1.363000000000000000e+03 2.606929732684258459e-06
1.364000000000000000e+03 2.609740952273058521e-06
1.365000000000000000e+03 2.612553750588058052e-06
1.366000000000000000e+03 2.615368333296186445e-06
1.367000000000000000e+03 2.618185039075057943e-06
1.368000000000000000e+03 2.621004058850699840e-06
1.369000000000000000e+03 2.623825731229631515e-06
1.370000000000000000e+03 2.626650240220341753e-06
1.371000000000000000e+03 2.629477939999727259e-06
1.372000000000000000e+03 2.632309009535909007e-06
1.373000000000000000e+03 2.635143794528179910e-06
1.374000000000000000e+03 2.637982469674872466e-06
1.375000000000000000e+03 2.640825377992390394e-06
1.376000000000000000e+03 2.643672690329224368e-06
1.377000000000000000e+03 2.646524747924550092e-06
1.378000000000000000e+03 2.649381718078441136e-06
1.379000000000000000e+03 2.652243940510287730e-06
1.380000000000000000e+03 2.655111578998441003e-06
1.381000000000000000e+03 2.657984955978176051e-06
1.382000000000000000e+03 2.660864231629882671e-06
1.383000000000000000e+03 2.663749734952409141e-06
1.384000000000000000e+03 2.666641622825229911e-06
1.385000000000000000e+03 2.669540208826748388e-06
1.386000000000000000e+03 2.672445646625683981e-06
1.387000000000000000e+03 2.675358256720954233e-06
1.388000000000000000e+03 2.678278173856198017e-06
1.389000000000000000e+03 2.681205719621744994e-06
1.390000000000000000e+03 2.684141001639477930e-06
1.391000000000000000e+03 2.687084341108711936e-06
1.392000000000000000e+03 2.690035859844545879e-06
1.393000000000000000e+03 2.692995862686782266e-06
1.394000000000000000e+03 2.695964457281457855e-06
1.395000000000000000e+03 2.698941954719152195e-06
1.396000000000000000e+03 2.701928438341839998e-06
1.397000000000000000e+03 2.704924219761233601e-06
1.398000000000000000e+03 2.707929367007297463e-06
1.399000000000000000e+03 2.710944190719910831e-06
1.400000000000000000e+03 2.713968761360524593e-06
1.401000000000000000e+03 2.717003372764576348e-06
1.402000000000000000e+03 2.720048091548831046e-06
1.403000000000000000e+03 2.723103186698903126e-06
1.404000000000000000e+03 2.726168719549953476e-06
1.405000000000000000e+03 2.729244959327373352e-06
1.406000000000000000e+03 2.732331961940280980e-06
1.407000000000000000e+03 2.735429991380961271e-06
1.408000000000000000e+03 2.738539066691240464e-06
1.409000000000000000e+03 2.741659462129469047e-06
1.410000000000000000e+03 2.744791191119972776e-06
1.411000000000000000e+03 2.747934514688956303e-06
1.412000000000000000e+03 2.751089436541278636e-06
1.413000000000000000e+03 2.754256194873626134e-06
1.414000000000000000e+03 2.757434814688958740e-06
1.415000000000000000e+03 2.760625504366029261e-06
1.416000000000000000e+03 2.763828263952976274e-06
1.417000000000000000e+03 2.767043313754769282e-06
1.418000000000000000e+03 2.770270640383484620e-06
1.419000000000000000e+03 2.773510447786753098e-06
1.420000000000000000e+03 2.776762711482794570e-06
1.421000000000000000e+03 2.780027640476901527e-06
1.422000000000000000e+03 2.783305169207472361e-06
1.423000000000000000e+03 2.786595520226231045e-06
1.424000000000000000e+03 2.789898618532517786e-06
1.425000000000000000e+03 2.793214660051571203e-06
1.426000000000000000e+03 2.796543572302282673e-06
1.427000000000000000e+03 2.799885537709525642e-06
1.428000000000000000e+03 2.803240463206864966e-06
1.429000000000000000e+03 2.806608520342385052e-06
1.430000000000000000e+03 2.809989617271022291e-06
1.431000000000000000e+03 2.813383900235149551e-06
1.432000000000000000e+03 2.816791272134065802e-06
1.433000000000000000e+03 2.820211862463724867e-06
1.434000000000000000e+03 2.823645567674861399e-06
1.435000000000000000e+03 2.827092502868626903e-06
1.436000000000000000e+03 2.830552557665815551e-06
1.437000000000000000e+03 2.834025833846078234e-06
1.438000000000000000e+03 2.837512198079446960e-06
1.439000000000000000e+03 2.841011755437533983e-06
1.440000000000000000e+03 2.844524357691071086e-06
1.441000000000000000e+03 2.848050090843700612e-06
1.442000000000000000e+03 2.851588808727936300e-06
1.443000000000000000e+03 2.855140583809523713e-06
1.444000000000000000e+03 2.858705249713502151e-06
1.445000000000000000e+03 2.862282867136595818e-06
1.446000000000000000e+03 2.865873271894833643e-06
1.447000000000000000e+03 2.869476498140093630e-06
1.448000000000000000e+03 2.873092376883751769e-06
1.449000000000000000e+03 2.876720923693258464e-06
1.450000000000000000e+03 2.880361963682424554e-06
1.451000000000000000e+03 2.884015496790220892e-06
1.452000000000000000e+03 2.887681341634475827e-06
1.453000000000000000e+03 2.891359483206925545e-06
1.454000000000000000e+03 2.895049733087205123e-06
1.455000000000000000e+03 2.898752062503790688e-06
1.456000000000000000e+03 2.902466260642853281e-06
1.457000000000000000e+03 2.906192316235751599e-06
1.458000000000000000e+03 2.909929972505402711e-06
1.459000000000000000e+03 2.913679236208674411e-06
1.460000000000000000e+03 2.917439822319343326e-06
1.461000000000000000e+03 2.921211713697697767e-06
1.462000000000000000e+03 2.924994648295228690e-06
1.463000000000000000e+03 2.928788581058129963e-06
1.464000000000000000e+03 2.932593236251207648e-06
1.465000000000000000e+03 2.936408566266812738e-06
1.466000000000000000e+03 2.940234270383369484e-06
1.467000000000000000e+03 2.944070293790643875e-06
1.468000000000000000e+03 2.947916333662527607e-06
1.469000000000000000e+03 2.951772311780380229e-06
1.470000000000000000e+03 2.955637932597042691e-06
1.471000000000000000e+03 2.959513102045159230e-06
1.472000000000000000e+03 2.963397508410583696e-06
1.473000000000000000e+03 2.967291043943284439e-06
1.474000000000000000e+03 2.971193401402840950e-06
1.475000000000000000e+03 2.975104459649351426e-06
1.476000000000000000e+03 2.979023893529600511e-06
1.477000000000000000e+03 2.982951569880464530e-06
1.478000000000000000e+03 2.986887167662478736e-06
1.479000000000000000e+03 2.990830541937308824e-06
1.480000000000000000e+03 2.994781353385818125e-06
1.481000000000000000e+03 2.998739445629495427e-06
1.482000000000000000e+03 3.002704482899100506e-06
1.483000000000000000e+03 3.006676297989873448e-06
1.484000000000000000e+03 3.010654521196484451e-06
1.485000000000000000e+03 3.014639020994103694e-06
1.486000000000000000e+03 3.018629392535052598e-06
1.487000000000000000e+03 3.022625501517352206e-06
1.488000000000000000e+03 3.026626934589763246e-06
1.489000000000000000e+03 3.030633556852623797e-06
1.490000000000000000e+03 3.034644942198774811e-06
1.491000000000000000e+03 3.038660938905994263e-06
1.492000000000000000e+03 3.042681139023470841e-06
1.493000000000000000e+03 3.046705381157207537e-06
1.494000000000000000e+03 3.050733229499468663e-06
1.495000000000000000e+03 3.054764530088937440e-06
1.496000000000000000e+03 3.058798831260727688e-06
1.497000000000000000e+03 3.062835979181103156e-06
1.498000000000000000e+03 3.066875524183903095e-06
1.499000000000000000e+03 3.070917295663351160e-06
1.500000000000000000e+03 3.074960839278487625e-06
1.501000000000000000e+03 3.079006005542678923e-06
1.502000000000000000e+03 3.083052303283516809e-06
1.503000000000000000e+03 3.087099574831257374e-06
1.504000000000000000e+03 3.091147338201782221e-06
1.505000000000000000e+03 3.095195432184135197e-06
1.506000000000000000e+03 3.099243372220542081e-06
1.507000000000000000e+03 3.103290993966475438e-06
1.508000000000000000e+03 3.107337808255803758e-06
1.509000000000000000e+03 3.111383647756057003e-06
1.510000000000000000e+03 3.115428018203147778e-06
1.511000000000000000e+03 3.119470764709426713e-06
1.512000000000000000e+03 3.123511371995680552e-06
1.513000000000000000e+03 3.127549689919354586e-06
1.514000000000000000e+03 3.131585205503593085e-06
1.515000000000000000e+03 3.135617771659887665e-06
1.516000000000000000e+03 3.139646871934355120e-06
1.517000000000000000e+03 3.143672330373117451e-06
1.518000000000000000e+03 3.147693672306837550e-06
1.519000000000000000e+03 3.151710707971082425e-06
1.520000000000000000e+03 3.155722934861806148e-06
1.521000000000000000e+03 3.159730199497753795e-06
1.522000000000000000e+03 3.163731988683270435e-06
1.523000000000000000e+03 3.167728148174524160e-06
1.524000000000000000e+03 3.171718172722621080e-06
1.525000000000000000e+03 3.175701910360446276e-06
1.526000000000000000e+03 3.179678872529755832e-06
1.527000000000000000e+03 3.183648878570915410e-06
1.528000000000000000e+03 3.187611447788630345e-06
1.529000000000000000e+03 3.191566417034847051e-06
1.530000000000000000e+03 3.195513310940671958e-06
1.531000000000000000e+03 3.199451956620576810e-06
1.532000000000000000e+03 3.203381882974500215e-06
1.533000000000000000e+03 3.207302913183891765e-06
1.534000000000000000e+03 3.211214610510735999e-06
1.535000000000000000e+03 3.215116780129997348e-06
1.536000000000000000e+03 3.219008988118660851e-06
1.537000000000000000e+03 3.222891061053694861e-06
1.538000000000000000e+03 3.226762571576506750e-06
1.539000000000000000e+03 3.230623354478764883e-06
1.540000000000000000e+03 3.234472973262206900e-06
1.541000000000000000e+03 3.238311268285773867e-06
1.542000000000000000e+03 3.242137817066698460e-06
1.543000000000000000e+03 3.245952464744278815e-06
1.544000000000000000e+03 3.249754796514026311e-06
1.545000000000000000e+03 3.253544676954001056e-06
1.546000000000000000e+03 3.257321682510554417e-06
1.547000000000000000e+03 3.261085689388766172e-06
1.548000000000000000e+03 3.264836303310251374e-06
1.549000000000000000e+03 3.268573379446047153e-06
1.550000000000000000e+03 3.272296554304633268e-06
1.551000000000000000e+03 3.276005691562874626e-06
1.552000000000000000e+03 3.279700417035476966e-06
1.553000000000000000e+03 3.283380629302567913e-06
1.554000000000000000e+03 3.287045955690823535e-06
1.555000000000000000e+03 3.290696298749477215e-06
1.556000000000000000e+03 3.294331304347962410e-06
1.557000000000000000e+03 3.297950882837051866e-06
1.558000000000000000e+03 3.301554691821563874e-06
1.559000000000000000e+03 3.305142664784424180e-06
1.560000000000000000e+03 3.308714454445019566e-06
1.561000000000000000e+03 3.312270009427139636e-06
1.562000000000000000e+03 3.315808999968688702e-06
1.563000000000000000e+03 3.319331372473627802e-06
1.564000000000000000e+03 3.322836823565592735e-06
1.565000000000000000e+03 3.326325319575621430e-06
1.566000000000000000e+03 3.329796559504234674e-06
1.567000000000000000e+03 3.333250523068256996e-06
1.568000000000000000e+03 3.336686931526342766e-06
1.569000000000000000e+03 3.340105776652855084e-06
1.570000000000000000e+03 3.343506780210376170e-06
1.571000000000000000e+03 3.346889960692438941e-06
1.572000000000000000e+03 3.350255046221506858e-06
1.573000000000000000e+03 3.353602073404709975e-06
1.574000000000000000e+03 3.356930777838771137e-06
1.575000000000000000e+03 3.360241227168170532e-06
1.576000000000000000e+03 3.363533149883077096e-06
1.577000000000000000e+03 3.366806620751619323e-06
1.578000000000000000e+03 3.370061413870852606e-06
1.579000000000000000e+03 3.373297616404710852e-06
1.580000000000000000e+03 3.376515012075722225e-06
1.581000000000000000e+03 3.379713685601820721e-06
1.582000000000000000e+03 3.382893448183636101e-06
1.583000000000000000e+03 3.386054404682440314e-06
1.584000000000000000e+03 3.389196371002143581e-06
1.585000000000000000e+03 3.392319481128358475e-06
1.586000000000000000e+03 3.395423560952951078e-06
1.587000000000000000e+03 3.398508749661480664e-06
1.588000000000000000e+03 3.401574898650138833e-06
1.589000000000000000e+03 3.404622157596594731e-06
1.590000000000000000e+03 3.407650380906024980e-06
1.591000000000000000e+03 3.410659759053658315e-06
1.592000000000000000e+03 3.413650139879236822e-06
1.593000000000000000e+03 3.416621740068374739e-06
1.594000000000000000e+03 3.419574424321316676e-06
1.595000000000000000e+03 3.422508401471786905e-06
1.596000000000000000e+03 3.425423577226046553e-06
1.597000000000000000e+03 3.428320180184727934e-06
1.598000000000000000e+03 3.431198126578335089e-06
1.599000000000000000e+03 3.434057645022748619e-06
1.600000000000000000e+03 3.436898665204782284e-06
1.601000000000000000e+03 3.439721437220889269e-06
1.602000000000000000e+03 3.442525918699031163e-06
1.603000000000000000e+03 3.445312360353666977e-06
1.604000000000000000e+03 3.448080739647304461e-06
1.605000000000000000e+03 3.450831328301601530e-06
1.606000000000000000e+03 3.453564092332626063e-06
1.607000000000000000e+03 3.456279333117625076e-06
1.608000000000000000e+03 3.458977033050257699e-06
1.609000000000000000e+03 3.461657499343109247e-06
1.610000000000000000e+03 3.464320740362667187e-06
1.611000000000000000e+03 3.466967059818919130e-06
1.612000000000000000e+03 3.469596484406245204e-06
1.613000000000000000e+03 3.472209336240609835e-06
1.614000000000000000e+03 3.474805643108082670e-06
1.615000000000000000e+03 3.477385754381914174e-06
1.616000000000000000e+03 3.479949705646703426e-06
1.617000000000000000e+03 3.482497864803246840e-06
1.618000000000000000e+03 3.485030261084255280e-06
1.619000000000000000e+03 3.487547278593944417e-06
1.620000000000000000e+03 3.490048976849246494e-06
1.621000000000000000e+03 3.492535740585008457e-06
1.622000000000000000e+03 3.495007618122802726e-06
1.623000000000000000e+03 3.497465029323611542e-06
1.624000000000000000e+03 3.499908037139409319e-06
1.625000000000000000e+03 3.502337040350583565e-06
1.626000000000000000e+03 3.504752140190754275e-06
1.627000000000000000e+03 3.507153747168361875e-06
1.628000000000000000e+03 3.509541956673641246e-06
1.629000000000000000e+03 3.511917187352895079e-06
1.630000000000000000e+03 3.514279553105003088e-06
1.631000000000000000e+03 3.516629480049715465e-06
1.632000000000000000e+03 3.518967081169916943e-06
1.633000000000000000e+03 3.521292789933141106e-06
1.634000000000000000e+03 3.523606723977730934e-06
1.635000000000000000e+03 3.525909337893785225e-06
1.636000000000000000e+03 3.528200754518764836e-06
1.637000000000000000e+03 3.530481428709589025e-06
1.638000000000000000e+03 3.532751488783616091e-06
1.639000000000000000e+03 3.535011394789636375e-06
1.640000000000000000e+03 3.537261280519320707e-06
1.641000000000000000e+03 3.539501625426395560e-06
1.642000000000000000e+03 3.541732555217600165e-06
1.643000000000000000e+03 3.543954547999343286e-06
1.644000000000000000e+03 3.546167755814215561e-06
1.645000000000000000e+03 3.548372632918401847e-06
1.646000000000000000e+03 3.550569345112343266e-06
1.647000000000000000e+03 3.552758365246833186e-06
1.648000000000000000e+03 3.554939842520454257e-06
1.649000000000000000e+03 3.557114258289819153e-06
1.650000000000000000e+03 3.559281771226309844e-06
1.651000000000000000e+03 3.561442855691713396e-06
1.652000000000000000e+03 3.563597675419669459e-06
1.653000000000000000e+03 3.565746717396355905e-06
1.654000000000000000e+03 3.567890136269652911e-06
1.655000000000000000e+03 3.570028412483337603e-06
1.656000000000000000e+03 3.572161698301395973e-06
1.657000000000000000e+03 3.574290486902136069e-06
1.658000000000000000e+03 3.576414929727634356e-06
1.659000000000000000e+03 3.578535499952403256e-06
1.660000000000000000e+03 3.580652362074326363e-06
1.661000000000000000e+03 3.582765995050300440e-06
1.662000000000000000e+03 3.584876569956538000e-06
1.663000000000000000e+03 3.586984540941737114e-06
1.664000000000000000e+03 3.589090084033463413e-06
1.665000000000000000e+03 3.591193654979800788e-06
1.666000000000000000e+03 3.593295420826161504e-06
1.667000000000000000e+03 3.595395848769360550e-06
1.668000000000000000e+03 3.597495076792086977e-06
1.669000000000000000e+03 3.599593589992739294e-06
1.670000000000000000e+03 3.601691524954595467e-06
1.671000000000000000e+03 3.603789349846512789e-06
1.672000000000000000e+03 3.605887197543035470e-06
1.673000000000000000e+03 3.607985543765322414e-06
1.674000000000000000e+03 3.610084504831989295e-06
1.675000000000000000e+03 3.612184545901128348e-06
1.676000000000000000e+03 3.614285799485798496e-06
1.677000000000000000e+03 3.616388700607260679e-06
1.678000000000000000e+03 3.618493374226874871e-06
1.679000000000000000e+03 3.620600278681471951e-06
1.680000000000000000e+03 3.622709509242832631e-06
1.681000000000000000e+03 3.624821518443858741e-06
1.682000000000000000e+03 3.626936412188143705e-06
1.683000000000000000e+03 3.629054615053653945e-06
1.684000000000000000e+03 3.631176221048681621e-06
1.685000000000000000e+03 3.633301666269550783e-06
1.686000000000000000e+03 3.635431037948304834e-06
1.687000000000000000e+03 3.637564748473731698e-06
1.688000000000000000e+03 3.639702891871692266e-06
1.689000000000000000e+03 3.641845855760267990e-06
1.690000000000000000e+03 3.643993722815046081e-06
1.691000000000000000e+03 3.646146890425115424e-06
1.692000000000000000e+03 3.648305422133006883e-06
1.693000000000000000e+03 3.650469702422449240e-06
1.694000000000000000e+03 3.652639783658787051e-06
1.695000000000000000e+03 3.654816055154242625e-06
1.696000000000000000e+03 3.656998560252276224e-06
1.697000000000000000e+03 3.659187662671500590e-06
1.698000000000000000e+03 3.661383397794534290e-06
1.699000000000000000e+03 3.663586115334106734e-06
1.700000000000000000e+03 3.665795843648645097e-06
1.701000000000000000e+03 3.668012934166334384e-06
1.702000000000000000e+03 3.670237396052587774e-06
1.703000000000000000e+03 3.672469552727043608e-06
1.704000000000000000e+03 3.674709425778889504e-06
1.705000000000000000e+03 3.676957322880692440e-06
1.706000000000000000e+03 3.679213242748262801e-06
1.707000000000000000e+03 3.681477480355303930e-06
1.708000000000000000e+03 3.683750034388220193e-06
1.709000000000000000e+03 3.686031176203551715e-06
1.710000000000000000e+03 3.688320900395563451e-06
1.711000000000000000e+03 3.690619474486749171e-06
1.712000000000000000e+03 3.692926864701371948e-06
1.713000000000000000e+03 3.695243330833168344e-06
1.714000000000000000e+03 3.697568822600811643e-06
1.715000000000000000e+03 3.699903603992537515e-06
1.716000000000000000e+03 3.702247599461581579e-06
1.717000000000000000e+03 3.704601059681503859e-06
1.718000000000000000e+03 3.706963903804653208e-06
1.719000000000000000e+03 3.709336361712889903e-06
1.720000000000000000e+03 3.711718343594353825e-06
1.721000000000000000e+03 3.714110065609291684e-06
1.722000000000000000e+03 3.716511429272638486e-06
1.723000000000000000e+03 3.718922627448911056e-06
1.724000000000000000e+03 3.721343553369403106e-06
1.725000000000000000e+03 3.723774395693776953e-06
1.726000000000000000e+03 3.726215015573494608e-06
1.727000000000000000e+03 3.728665605695571215e-06
1.728000000000000000e+03 3.731126007991702522e-06
1.729000000000000000e+03 3.733596401459348186e-06
1.730000000000000000e+03 3.736076600211156773e-06
1.731000000000000000e+03 3.738566785461489579e-06
1.732000000000000000e+03 3.741066763234502645e-06
1.733000000000000000e+03 3.743576688719618617e-06
1.734000000000000000e+03 3.746096356875066274e-06
1.735000000000000000e+03 3.748625919514841544e-06
1.736000000000000000e+03 3.751165148788420776e-06
1.737000000000000000e+03 3.753714178399074625e-06
1.738000000000000000e+03 3.756272775693882997e-06
1.739000000000000000e+03 3.758841062138378921e-06
1.740000000000000000e+03 3.761418796053789657e-06
1.741000000000000000e+03 3.764006076802692784e-06
1.742000000000000000e+03 3.766602653653183800e-06
1.743000000000000000e+03 3.769208622168706931e-06
1.744000000000000000e+03 3.771823711043507606e-06
1.745000000000000000e+03 3.774447985397335660e-06
1.746000000000000000e+03 3.777081182389751560e-06
1.747000000000000000e+03 3.779723348144397083e-06
1.748000000000000000e+03 3.782374195634988073e-06
1.749000000000000000e+03 3.785033755225109933e-06
1.750000000000000000e+03 3.787701736678069899e-06
1.751000000000000000e+03 3.790378167471027669e-06
1.752000000000000000e+03 3.793062728129390266e-06
1.753000000000000000e+03 3.795755438970646465e-06
1.754000000000000000e+03 3.798455973501996608e-06
1.755000000000000000e+03 3.801164343878783193e-06
1.756000000000000000e+03 3.803880202589944138e-06
1.757000000000000000e+03 3.806603554139353524e-06
1.758000000000000000e+03 3.809334035854444066e-06
1.759000000000000000e+03 3.812071644249230071e-06
1.760000000000000000e+03 3.814816003362517412e-06
1.761000000000000000e+03 3.817567091086155785e-06
1.762000000000000000e+03 3.820324530252229809e-06
1.763000000000000000e+03 3.823088285992873005e-06
1.764000000000000000e+03 3.825857964021572719e-06
1.765000000000000000e+03 3.828633518435733126e-06
1.766000000000000000e+03 3.831414553514062628e-06
1.767000000000000000e+03 3.834201002452676956e-06
1.768000000000000000e+03 3.836992474859626928e-06
1.769000000000000000e+03 3.839788878174790074e-06
1.770000000000000000e+03 3.842589809970671853e-06
1.771000000000000000e+03 3.845395181422460063e-06
1.772000000000000000e+03 3.848204571308678731e-06
1.773000000000000000e+03 3.851017886049763117e-06
1.774000000000000000e+03 3.853834680983962463e-06
1.775000000000000000e+03 3.856654867043159433e-06
1.776000000000000000e+03 3.859477994304738383e-06
1.777000000000000000e+03 3.862303961813039534e-06
1.778000000000000000e+03 3.865132300544999124e-06
1.779000000000000000e+03 3.867962912427302072e-06
1.780000000000000000e+03 3.870795314751904378e-06
1.781000000000000000e+03 3.873629397058596338e-06
1.782000000000000000e+03 3.876464675156806064e-06
1.783000000000000000e+03 3.879301020266765572e-06
1.784000000000000000e+03 3.882137953001908781e-06
1.785000000000000000e+03 3.884975332684844725e-06
1.786000000000000000e+03 3.887812668055573058e-06
1.787000000000000000e+03 3.890649829105896783e-06
1.788000000000000000e+03 3.893486316741189393e-06
1.789000000000000000e+03 3.896321981452103284e-06
1.790000000000000000e+03 3.899156317314408164e-06
1.791000000000000000e+03 3.901989184565938096e-06
1.792000000000000000e+03 3.904820050000103303e-06
1.793000000000000000e+03 3.907648785238798825e-06
1.794000000000000000e+03 3.910474851215582184e-06
1.795000000000000000e+03 3.913298103553371577e-06
1.796000000000000000e+03 3.916117995047515825e-06
1.797000000000000000e+03 3.918934384149472597e-06
1.798000000000000000e+03 3.921746715808268719e-06
1.799000000000000000e+03 3.924554847731854976e-06
1.800000000000000000e+03 3.927358227578570154e-06
1.801000000000000000e+03 3.930156701692354176e-06
1.802000000000000000e+03 3.932949726198100077e-06
1.803000000000000000e+03 3.935737131092415932e-06
1.804000000000000000e+03 3.938518384521310927e-06
1.805000000000000000e+03 3.941293316342383173e-06
1.806000000000000000e+03 3.944061390366480644e-06
1.807000000000000000e+03 3.946822443472856403e-06
1.808000000000000000e+03 3.949575928122644633e-06
1.809000000000000000e+03 3.952321683062337635e-06
1.810000000000000000e+03 3.955059164665798534e-06
1.811000000000000000e+03 3.957788212486703065e-06
1.812000000000000000e+03 3.960508272989310730e-06
1.813000000000000000e+03 3.963219186265150483e-06
1.814000000000000000e+03 3.965920403848026529e-06
1.815000000000000000e+03 3.968611766123824477e-06
1.816000000000000000e+03 3.971292725426942900e-06
1.817000000000000000e+03 3.973963122188850482e-06
1.818000000000000000e+03 3.976622409377644180e-06
1.819000000000000000e+03 3.979270427986663513e-06
1.820000000000000000e+03 3.981906631048080939e-06
1.821000000000000000e+03 3.984530869892658153e-06
1.822000000000000000e+03 3.987142597743748877e-06
1.823000000000000000e+03 3.989741662203617229e-06
1.824000000000000000e+03 3.992327526224983797e-06
1.825000000000000000e+03 3.994900036907800987e-06
1.826000000000000000e+03 3.997458662617373119e-06
1.827000000000000000e+03 4.000003251284306468e-06
1.828000000000000000e+03 4.002533275795406193e-06
1.829000000000000000e+03 4.005048594359199219e-06
1.830000000000000000e+03 4.007548692812718990e-06
1.831000000000000000e+03 4.010033426037273323e-06
1.832000000000000000e+03 4.012502288153638176e-06
1.833000000000000000e+03 4.014955143854288748e-06
1.834000000000000000e+03 4.017391494298130739e-06
1.835000000000000000e+03 4.019811210336255817e-06
1.836000000000000000e+03 4.022213808512818640e-06
1.837000000000000000e+03 4.024599164687038070e-06
1.838000000000000000e+03 4.026966796609856084e-06
1.839000000000000000e+03 4.029316594444542754e-06
1.840000000000000000e+03 4.031648089553052299e-06
1.841000000000000000e+03 4.033961190479058834e-06
1.842000000000000000e+03 4.036255428911389979e-06
1.843000000000000000e+03 4.038530716988001672e-06
1.844000000000000000e+03 4.040786608210746924e-06
1.845000000000000000e+03 4.043023021203958389e-06
1.846000000000000000e+03 4.045239523083497273e-06
1.847000000000000000e+03 4.047436039250602707e-06
1.848000000000000000e+03 4.049612139108419622e-06
1.849000000000000000e+03 4.051767755031273230e-06
1.850000000000000000e+03 4.053902480189143252e-06
1.851000000000000000e+03 4.056016245372958093e-06
1.852000000000000000e+03 4.058108641538039199e-06
1.853000000000000000e+03 4.060179628279489432e-06
1.854000000000000000e+03 4.062228792737273662e-06
1.855000000000000000e+03 4.064256111444865859e-06
1.856000000000000000e+03 4.066261182215527894e-06
1.857000000000000000e+03 4.068243987043667800e-06
1.858000000000000000e+03 4.070204139814798569e-06
1.859000000000000000e+03 4.072141631117481221e-06
1.860000000000000000e+03 4.074056086571989316e-06
1.861000000000000000e+03 4.075947514480950814e-06
1.862000000000000000e+03 4.077815550949430787e-06
1.863000000000000000e+03 4.079660225720401641e-06
1.864000000000000000e+03 4.081481176671326253e-06
1.865000000000000000e+03 4.083278449490437587e-06
1.866000000000000000e+03 4.085051696388467282e-06
1.867000000000000000e+03 4.086800969131840687e-06
1.868000000000000000e+03 4.088525938773361171e-06
1.869000000000000000e+03 4.090226682928029884e-06
1.870000000000000000e+03 4.091902878516118573e-06
1.871000000000000000e+03 4.093554612899771091e-06
1.872000000000000000e+03 4.095181587720478178e-06
1.873000000000000000e+03 4.096783894311057304e-06
1.874000000000000000e+03 4.098361251394029303e-06
1.875000000000000000e+03 4.099913765883176031e-06
1.876000000000000000e+03 4.101441171228137926e-06
1.877000000000000000e+03 4.102943587153889753e-06
1.878000000000000000e+03 4.104420753162492512e-06
1.879000000000000000e+03 4.105872816329154895e-06
1.880000000000000000e+03 4.107299525423013670e-06
1.881000000000000000e+03 4.108701046766949292e-06
1.882000000000000000e+03 4.110077131353375359e-06
1.883000000000000000e+03 4.111427962082578654e-06
1.884000000000000000e+03 4.112753303726951147e-06
1.885000000000000000e+03 4.114053354831806802e-06
1.886000000000000000e+03 4.115327906375031057e-06
1.887000000000000000e+03 4.116577148992452633e-06
1.888000000000000000e+03 4.117800898639841345e-06
1.889000000000000000e+03 4.118999356584626869e-06
1.890000000000000000e+03 4.120172350561426807e-06
1.891000000000000000e+03 4.121320098545875987e-06
1.892000000000000000e+03 4.122442441601853988e-06
1.893000000000000000e+03 4.123539610670954172e-06
1.894000000000000000e+03 4.124611452791633505e-06
1.895000000000000000e+03 4.125658225176135974e-06
1.896000000000000000e+03 4.126679783976695750e-06
1.897000000000000000e+03 4.127676397578048450e-06
1.898000000000000000e+03 4.128647939077660318e-06
1.899000000000000000e+03 4.129594689570189471e-06
1.900000000000000000e+03 4.130516535458343969e-06
1.901000000000000000e+03 4.131413770250480909e-06
1.902000000000000000e+03 4.132286285866721728e-06
1.903000000000000000e+03 4.133134401611227481e-06
1.904000000000000000e+03 4.133958017787457097e-06
1.905000000000000000e+03 4.134757458156372703e-06
1.906000000000000000e+03 4.135532652264247928e-06
1.907000000000000000e+03 4.136283920237780581e-06
1.908000000000000000e+03 4.137011203794349650e-06
1.909000000000000000e+03 4.137714840001122152e-06
1.910000000000000000e+03 4.138394770295542004e-06
1.911000000000000000e+03 4.139051350316675783e-06
1.912000000000000000e+03 4.139684534432534361e-06
1.913000000000000000e+03 4.140294679536803588e-06
1.914000000000000000e+03 4.140881757045854367e-06
1.915000000000000000e+03 4.141446130687227590e-06
1.916000000000000000e+03 4.141987778889080331e-06
1.917000000000000000e+03 4.142507091992762567e-06
1.918000000000000000e+03 4.143004051176718554e-06
1.919000000000000000e+03 4.143479063521371839e-06
1.920000000000000000e+03 4.143932134637203545e-06
1.921000000000000000e+03 4.144363679618706467e-06
1.922000000000000000e+03 4.144773725446361782e-06
1.923000000000000000e+03 4.145162690987516438e-06
1.924000000000000000e+03 4.145530601257065070e-06
1.925000000000000000e+03 4.145877876252854775e-06
1.926000000000000000e+03 4.146204529680712967e-06
1.927000000000000000e+03 4.146510981344170605e-06
1.928000000000000000e+03 4.146797261997855593e-06
1.929000000000000000e+03 4.147063812091644819e-06
1.930000000000000000e+03 4.147310672435911789e-06
1.931000000000000000e+03 4.147538296232215459e-06
1.932000000000000000e+03 4.147746738987089884e-06
1.933000000000000000e+03 4.147936464809276297e-06
1.934000000000000000e+03 4.148107540141667076e-06
1.935000000000000000e+03 4.148260433476503988e-06
1.936000000000000000e+03 4.148395221284008756e-06
1.937000000000000000e+03 4.148512378668232735e-06
1.938000000000000000e+03 4.148611980836534204e-06
1.939000000000000000e+03 4.148694510254992886e-06
1.940000000000000000e+03 4.148760051539815812e-06
1.941000000000000000e+03 4.148809099611235980e-06
1.942000000000000000e+03 4.148841751548840429e-06
1.943000000000000000e+03 4.148858496736422725e-06
1.944000000000000000e+03 4.148859437290662239e-06
1.945000000000000000e+03 4.148845069328195512e-06
1.946000000000000000e+03 4.148815511228938637e-06
1.947000000000000000e+03 4.148771274397831650e-06
1.948000000000000000e+03 4.148712474068945006e-06
1.949000000000000000e+03 4.148639622450235621e-06
1.950000000000000000e+03 4.148552833463271834e-06
1.951000000000000000e+03 4.148452633471221987e-06
1.952000000000000000e+03 4.148339152772097943e-06
1.953000000000000000e+03 4.148212922440066244e-06
1.954000000000000000e+03 4.148074082530196823e-06
1.955000000000000000e+03 4.147923161507389014e-06
1.956000000000000000e+03 4.147760303646440311e-06
1.957000000000000000e+03 4.147586044314403900e-06
1.958000000000000000e+03 4.147400537897695711e-06
1.959000000000000000e+03 4.147204329752288718e-06
1.960000000000000000e+03 4.146997573936872485e-06
1.961000000000000000e+03 4.146780819221628532e-06
1.962000000000000000e+03 4.146554227565059395e-06
1.963000000000000000e+03 4.146318356764820458e-06
1.964000000000000000e+03 4.146073375310357612e-06
1.965000000000000000e+03 4.145819851986648843e-06
1.966000000000000000e+03 4.145557957534117396e-06
1.967000000000000000e+03 4.145288261602930356e-06
1.968000000000000000e+03 4.145010946847249597e-06
1.969000000000000000e+03 4.144726590684607175e-06
1.970000000000000000e+03 4.144435380376302529e-06
1.971000000000000000e+03 4.144137903040585385e-06
1.972000000000000000e+03 4.143834348163054384e-06
1.973000000000000000e+03 4.143525310353901298e-06
1.974000000000000000e+03 4.143210986707902946e-06
1.975000000000000000e+03 4.142891977408544088e-06
1.976000000000000000e+03 4.142568489877800878e-06
1.977000000000000000e+03 4.142241130060707522e-06
1.978000000000000000e+03 4.141910113233667428e-06
1.979000000000000000e+03 4.141576053790487286e-06
1.980000000000000000e+03 4.141239175078363004e-06
1.981000000000000000e+03 4.140900100390602012e-06
1.982000000000000000e+03 4.140559062169495262e-06
1.983000000000000000e+03 4.140216683556315394e-06
1.984000000000000000e+03 4.139873230870751183e-06
1.985000000000000000e+03 4.139529332426610707e-06
1.986000000000000000e+03 4.139185261502921481e-06
1.987000000000000000e+03 4.138841676172844763e-06
1.988000000000000000e+03 4.138498854194962135e-06
1.989000000000000000e+03 4.138157455331926773e-06
1.990000000000000000e+03 4.137817769171532626e-06
1.991000000000000000e+03 4.137480497542375172e-06
1.992000000000000000e+03 4.137145941811292661e-06
1.993000000000000000e+03 4.136814799561748797e-06
1.994000000000000000e+03 4.136487397387393945e-06
1.995000000000000000e+03 4.136164426208176785e-06
1.996000000000000000e+03 4.135846175706970717e-06
1.997000000000000000e+03 4.135533261225031135e-06
1.998000000000000000e+03 4.135225780987793461e-06
1.999000000000000000e+03 4.134923947142268231e-06
2.000000000000000000e+03 4.134622580647211459e-06
